goalReached = [0 ];
episodeCount = [2 ];
totalTime = [5.24 ];
subtimes{1} = [1.0 4.0 ];
c_OpponentsRight_carToTheRight{1} = [0 0 ];
c_OpponentsRight_carCloseToTheRight{1} = [0 0 ];
c_OpponentsRight_rightFree{1} = [75 234 ];
c_OpponentsRight_carFarToTheRight{1} = [0 0 ];
c_OpponentsRight_start{1} = [0 0 ];
c_OpponentsRight_default{1} = [0 0 ];
c_OpponentsBehind_start{1} = [0 0 ];
c_OpponentsBehind_carCloseBehind{1} = [0 0 ];
c_OpponentsBehind_carBehind{1} = [0 0 ];
c_OpponentsBehind_carFarbehind{1} = [0 0 ];
c_OpponentsBehind_behindFree{1} = [75 234 ];
c_OpponentsBehind_default{1} = [0 0 ];
c_OpponentsLeft_carCloseToTheLeft{1} = [0 0 ];
c_OpponentsLeft_carToTheLeft{1} = [0 0 ];
c_OpponentsLeft_start{1} = [0 0 ];
c_OpponentsLeft_carFarToTheLeft{1} = [0 0 ];
c_OpponentsLeft_leftFree{1} = [75 234 ];
c_OpponentsLeft_default{1} = [0 0 ];
c_OpponentsAhead_start{1} = [0 0 ];
c_OpponentsAhead_carCloseAhead{1} = [0 0 ];
c_OpponentsAhead_carAhead{1} = [0 0 ];
c_OpponentsAhead_carFarAhead{1} = [0 0 ];
c_OpponentsAhead_frontFree{1} = [75 234 ];
c_OpponentsAhead_default{1} = [0 0 ];
c_TrackPos_leftOffRoad{1} = [13 14 ];
c_TrackPos_limitRoad{1} = [7 45 ];
c_TrackPos_centerRoad{1} = [25 71 ];
c_TrackPos_start{1} = [0 0 ];
c_TrackPos_rightOffRoad{1} = [30 104 ];
c_TrackPos_default{1} = [0 0 ];
c_Damage_damaged{1} = [2 3 ];
c_Damage_normal{1} = [73 231 ];
c_Damage_start{1} = [0 0 ];
c_Damage_default{1} = [0 0 ];
c_Speed_Stuck{1} = [2 67 ];
c_Speed_Turning{1} = [14 42 ];
c_Speed_GoingStraight{1} = [59 125 ];
c_Speed_start{1} = [0 0 ];
c_Speed_default{1} = [0 0 ];
step{1} = [75 234 ];
rewardsPerEpisode{1} = [-1043.25 -24269.21 ];
rewardsPerStep{1}{1} = [-239.87 10.05 10.01 10.09 10.23 10.5 10.61 10.74 10.73 10.98 11.16 11.45 11.83 12.14 12.94 13.86 14.67 16.09 17.65 18.75 19.22 4.99 3.87 2.49 1.08 -11.46 -14.73 -17.85 -20.94 -24.49 -68.49 -28.06 -27.97 -28.13 -28.31 -28.51 -28.75 -28.84 -28.98 -29.12 -29.16 -29.22 -29.31 -29.36 -29.39 -29.15 -29.09 -28.81 -27.98 -26.49 -24.64 -22.18 -19.34 -16.09 -12.17 1.19 3.98 16.05 10.51 14.55 19.81 2.41 -11.07 -16.34 -60.64 -20.77 -21.05 -21.19 -20.99 -20.48 -19.83 -19.46 -19.57 -39.97 -49.61 ];
rewardsPerStep{1}{2} = [-49.61 10.08 10.13 10.16 10.08 10.06 10.09 10.21 10.45 10.5 10.74 11.3 11.82 11.97 12.14 12.73 13.93 15.2 16.11 17.68 4.94 3.36 1.39 -11.89 -17.13 -22.65 -28.56 -69.1 -29.28 -29.52 -49.6 -59.64 -69.68 -79.72 -89.73 -99.73 -109.73 -119.75 -129.76 -139.75 -149.76 -159.77 -169.78 -179.79 -189.82 -199.83 -209.84 -219.85 -229.86 -239.87 -249.87 -259.88 -269.89 -279.91 -289.91 -299.93 -309.95 -319.98 -330.03 -340.04 -350.05 -360.08 -370.09 -380.07 -390.07 -400.07 -410.11 -420.16 -430.17 -440.17 -450.17 -460.17 -470.18 -480.18 -490.23 -500.32 -510.38 -520.41 -530.4 -540.39 -550.37 -560.36 -570.38 -580.37 -590.38 -600.42 -610.46 -620.48 -630.58 -640.54 -650.5 -660.5 -670.52 -680.52 -690.45 -30.5 -30.61 -30.66 -30.61 -30.42 -29.98 -29.46 -28.89 -28.06 -27.12 -26.21 -24.77 -23.0 -21.07 -19.43 -18.24 -16.1 -13.43 -11.13 0.79 2.1 3.91 18.01 13.9 10.61 13.79 15.91 17.86 19.35 4.29 3.5 3.17 2.81 3.05 3.56 3.29 2.78 2.73 2.92 3.92 19.47 18.3 18.21 16.87 13.91 10.17 12.18 13.24 14.89 16.15 17.97 18.82 4.57 3.07 2.41 2.77 4.06 19.02 16.62 13.28 11.11 16.49 4.66 3.15 1.06 -12.73 -16.3 -18.54 -19.4 -19.11 -17.9 -16.17 -14.5 -11.82 1.1 3.48 19.64 17.01 14.22 13.21 13.31 12.27 10.14 13.03 16.11 19.58 3.02 1.49 0.81 0.87 1.41 2.24 3.45 4.65 17.06 11.99 13.34 16.91 4.98 4.19 4.6 18.02 15.42 13.5 10.49 11.59 12.18 11.22 11.18 14.79 18.92 4.41 3.68 2.31 0.31 -13.52 -16.48 -17.19 -15.6 -11.93 1.88 19.56 13.06 14.25 4.28 0.22 -17.16 -60.78 -21.13 -61.39 -20.94 -20.64 -20.37 -20.07 -19.87 -19.67 -19.45 -39.83 -49.05 ];
trackPos{1}{1} = [0.00263195 0.00226542 0.0005277 -0.00464656 -0.0116607 -0.0250959 -0.0305646 -0.0372125 -0.0366795 -0.0489698 -0.0577906 -0.0725123 -0.0916188 -0.106861 -0.146965 -0.192758 -0.233559 -0.304415 -0.382412 -0.437275 -0.46082 -0.501435 -0.613345 -0.751155 -0.892004 -1.07319 -1.2364 -1.39265 -1.54681 -1.72431 -1.92457 -1.90291 -1.89866 -1.90656 -1.91538 -1.92529 -1.93756 -1.94181 -1.94892 -1.95596 -1.95818 -1.96094 -1.9656 -1.96787 -1.96931 -1.95762 -1.95462 -1.94065 -1.89915 -1.82451 -1.73193 -1.60883 -1.46716 -1.30449 -1.10854 -0.881414 -0.60166 -0.302305 -0.0254196 0.227392 0.490542 0.758775 1.05371 1.31723 1.53192 1.53863 1.55247 1.55971 1.54934 1.52389 1.49149 1.4731 1.47843 1.49838 1.48072 ];
trackPos{1}{2} = [0.00254358 0.00391006 0.00671806 0.00820802 0.00376536 0.0031868 -0.0043347 -0.0103571 -0.0225243 -0.0248988 -0.036773 -0.0650495 -0.0908434 -0.098451 -0.107162 -0.136684 -0.19649 -0.259849 -0.305327 -0.384086 -0.50575 -0.664089 -0.860745 -1.09437 -1.35672 -1.63234 -1.92809 -1.95486 -1.96382 -1.97586 -1.98 -1.98196 -1.9842 -1.98586 -1.98631 -1.98656 -1.98636 -1.9873 -1.98793 -1.98764 -1.98785 -1.98867 -1.98892 -1.98933 -1.99113 -1.9916 -1.99179 -1.99266 -1.99314 -1.99342 -1.99336 -1.99399 -1.9945 -1.99559 -1.99561 -1.99664 -1.99756 -1.99919 -2.00159 -2.00224 -2.0024 -2.00384 -2.00426 -2.00371 -2.00332 -2.00344 -2.00532 -2.00815 -2.00867 -2.00833 -2.00852 -2.00841 -2.00901 -2.00917 -2.01164 -2.01604 -2.01904 -2.02034 -2.01976 -2.01947 -2.01864 -2.01819 -2.01904 -2.01826 -2.01909 -2.02124 -2.0232 -2.02393 -2.02907 -2.02721 -2.02477 -2.02478 -2.02604 -2.02615 -2.02267 -2.0251 -2.03051 -2.03301 -2.03057 -2.02105 -1.99884 -1.97285 -1.94431 -1.90321 -1.8561 -1.81045 -1.73851 -1.65024 -1.55356 -1.47161 -1.41205 -1.30483 -1.17155 -1.05671 -0.921085 -0.790474 -0.609324 -0.400385 -0.194994 0.0304699 0.18965 0.295742 0.393051 0.467433 0.570785 0.649787 0.683488 0.719224 0.695099 0.644003 0.670838 0.722177 0.726875 0.70814 0.608219 0.473441 0.415005 0.410643 0.343279 0.195615 0.00842228 -0.108992 -0.162171 -0.244575 -0.307441 -0.398417 -0.440774 -0.542924 -0.692896 -0.759219 -0.722545 -0.593842 -0.4511 -0.331222 -0.163766 0.0552586 0.324619 0.534397 0.684854 0.894328 1.1363 1.31525 1.4269 1.47001 1.45566 1.3948 1.30835 1.22498 1.09099 0.889747 0.652214 0.482028 0.350375 0.211191 0.160675 0.165367 0.113729 0.00686105 -0.151573 -0.305616 -0.479061 -0.697741 -0.850862 -0.919022 -0.912853 -0.858626 -0.775982 -0.654552 -0.534942 -0.352776 -0.0993127 0.166787 0.345381 0.502369 0.581056 0.54004 0.400777 0.271214 0.174939 0.0243542 -0.0793044 -0.10922 -0.0609575 0.0588235 0.239442 0.446065 0.559241 0.632423 0.769454 0.969389 1.17616 1.32392 1.35933 1.28023 1.09646 0.811758 0.47803 0.153041 -0.212287 -0.571666 -0.977949 -1.35822 -1.53894 -1.55659 -1.56942 -1.54697 -1.53178 -1.51826 -1.50337 -1.49361 -1.48354 -1.47236 -1.49127 -1.45262 ];
speedX{1}{1} = [-0.0486642 1.45714 3.19832 4.91708 6.79821 7.71944 8.70032 9.86811 11.2802 12.1498 13.04 14.4995 16.6195 19.2734 20.4671 23.3818 24.7861 24.819 28.3333 30.7098 34.1228 36.4115 39.2072 40.9129 41.9964 45.7931 49.6873 55.525 55.2516 55.9596 33.9001 27.4941 23.5459 18.0507 14.5791 12.9196 12.3884 10.6889 11.6787 12.2113 13.9284 15.6462 18.363 20.7194 21.5621 21.0295 22.5311 24.1009 26.1242 28.2387 31.0597 32.4966 35.0481 37.8774 42.777 45.6754 50.5893 50.6758 51.2022 52.6476 54.2425 55.0844 56.2309 58.0301 45.1763 43.3722 43.4752 43.4023 42.5405 38.0699 29.5199 20.86 10.9166 2.58488 -4.92144 ];
