goalReached = [0 ];
episodeCount = [2 ];
totalTime = [6.43 ];
subtimes{1} = [3.0 ];
c_OpponentsRight_carToTheRight{1} = [0 ];
c_OpponentsRight_carCloseToTheRight{1} = [0 ];
c_OpponentsRight_rightFree{1} = [268 ];
c_OpponentsRight_carFarToTheRight{1} = [0 ];
c_OpponentsRight_start{1} = [0 ];
c_OpponentsRight_default{1} = [0 ];
c_OpponentsBehind_start{1} = [0 ];
c_OpponentsBehind_carCloseBehind{1} = [0 ];
c_OpponentsBehind_carBehind{1} = [0 ];
c_OpponentsBehind_carFarbehind{1} = [0 ];
c_OpponentsBehind_behindFree{1} = [268 ];
c_OpponentsBehind_default{1} = [0 ];
c_OpponentsLeft_carCloseToTheLeft{1} = [0 ];
c_OpponentsLeft_carToTheLeft{1} = [0 ];
c_OpponentsLeft_start{1} = [0 ];
c_OpponentsLeft_carFarToTheLeft{1} = [0 ];
c_OpponentsLeft_leftFree{1} = [268 ];
c_OpponentsLeft_default{1} = [0 ];
c_OpponentsAhead_start{1} = [0 ];
c_OpponentsAhead_carCloseAhead{1} = [0 ];
c_OpponentsAhead_carAhead{1} = [0 ];
c_OpponentsAhead_carFarAhead{1} = [0 ];
c_OpponentsAhead_frontFree{1} = [268 ];
c_OpponentsAhead_default{1} = [0 ];
c_TrackPos_leftOffRoad{1} = [2 ];
c_TrackPos_limitRoad{1} = [6 ];
c_TrackPos_centerRoad{1} = [24 ];
c_TrackPos_start{1} = [0 ];
c_TrackPos_rightOffRoad{1} = [236 ];
c_TrackPos_default{1} = [0 ];
c_Damage_damaged{1} = [2 ];
c_Damage_normal{1} = [266 ];
c_Damage_start{1} = [0 ];
c_Damage_default{1} = [0 ];
c_Speed_Stuck{1} = [207 ];
c_Speed_Turning{1} = [16 ];
c_Speed_GoingStraight{1} = [45 ];
c_Speed_start{1} = [0 ];
c_Speed_default{1} = [0 ];
step{1} = [268 ];
rewardsPerEpisode{1} = [-223596.95 ];
rewardsPerStep{1}{1} = [-1799.08 10.04 10.02 10.08 10.2 10.46 10.57 10.67 10.6 10.79 10.92 11.14 11.41 11.53 12.08 12.73 13.34 14.6 16.2 17.61 18.75 4.87 3.38 1.54 -10.92 -15.75 -20.92 -26.59 -68.68 -48.5 -58.45 -68.47 -78.48 -88.48 -98.48 -108.48 -118.48 -128.48 -138.49 -148.49 -158.49 -168.49 -178.49 -188.49 -198.49 -208.5 -218.5 -228.5 -238.5 -248.5 -258.5 -268.5 -278.5 -288.5 -298.51 -308.51 -318.51 -328.51 -338.51 -348.52 -358.52 -368.52 -378.52 -388.53 -398.53 -408.53 -418.53 -428.53 -438.54 -448.54 -458.54 -468.55 -478.55 -488.55 -498.56 -508.56 -518.56 -528.56 -538.56 -548.57 -558.57 -568.57 -578.58 -588.58 -598.58 -608.59 -618.6 -628.6 -638.6 -648.61 -658.61 -668.61 -678.62 -688.62 -698.63 -708.63 -718.63 -728.64 -738.64 -748.64 -758.64 -768.64 -778.65 -788.65 -798.65 -808.65 -818.65 -828.66 -838.66 -848.67 -858.67 -868.67 -878.67 -888.68 -898.68 -908.68 -918.69 -928.69 -938.69 -948.7 -958.7 -968.71 -978.71 -988.71 -998.72 -1008.72 -1018.73 -1028.73 -1038.73 -1048.74 -1058.74 -1068.75 -1078.75 -1088.76 -1098.77 -1108.77 -1118.77 -1128.78 -1138.78 -1148.78 -1158.79 -1168.79 -1178.8 -1188.8 -1198.8 -1208.81 -1218.8 -1228.81 -1238.81 -1248.82 -1258.83 -1268.83 -1278.82 -1288.83 -1298.83 -1308.83 -1318.83 -1328.83 -1338.84 -1348.84 -1358.84 -1368.86 -1378.87 -1388.87 -1398.87 -1408.88 -1418.88 -1428.89 -1438.9 -1448.91 -1458.92 -1468.92 -1478.92 -1488.93 -1498.94 -1508.96 -1518.96 -1528.96 -1538.97 -1548.98 -1558.98 -1568.99 -1578.99 -1588.99 -1598.99 -1608.99 -1619.01 -1629.01 -1639.02 -1649.02 -1659.03 -1669.04 -1679.05 -1689.07 -1699.08 -1709.09 -1719.11 -1729.12 -1739.14 -1749.17 -1759.19 -1769.22 -1779.24 -1789.25 -1799.27 -1809.32 -1819.34 -1829.37 -1839.38 -1849.37 -1859.4 -1869.45 -1879.47 -1889.48 -1899.48 -1909.48 -1919.52 -1929.53 -1939.54 -1949.54 -1959.57 -1969.58 -1979.57 -1989.59 -1999.65 -2009.72 -2019.77 -2029.81 -2039.88 -2049.97 -2060.02 -2070.12 -2080.12 -2090.14 -2100.11 -30.25 -30.36 -30.36 -30.31 -30.17 -30.22 -30.0 -30.02 -29.86 -29.81 -29.6 -29.33 -29.24 -28.82 -27.74 -26.53 -25.33 -23.95 -22.66 -21.25 -20.28 -19.99 -18.62 -15.83 -11.8 1.43 4.09 15.78 10.8 17.91 2.31 -13.17 -79.89 ];
rewardsPerStep{1}{2} = [-79.89 10.07 10.09 10.15 10.3 10.36 10.53 10.78 11.27 11.96 12.86 14.07 15.28 16.66 18.57 4.47 2.88 0.97 -12.33 -16.7 -60.34 -20.63 -20.79 -20.89 -20.73 -20.45 -20.09 -19.85 -39.62 -49.52 -59.53 -69.55 -79.55 -89.55 -99.55 -109.55 -119.56 -129.56 -139.56 -149.56 -159.57 -169.57 -179.57 -189.57 -199.58 -209.58 -219.58 -229.58 -239.59 -249.59 -259.59 -269.6 -279.6 -289.61 -299.61 -309.62 -319.63 -329.63 -339.64 -349.64 -359.64 -369.64 -379.65 -389.65 -399.65 -409.66 -419.66 -429.66 -439.66 -449.67 -459.67 -469.67 -479.68 -489.68 -499.69 -509.69 -519.7 -529.7 -539.71 -549.72 -559.74 -569.76 -579.78 -589.79 -599.8 -609.81 -619.82 -629.83 -639.83 -649.84 -659.85 -669.85 -679.86 -689.86 -699.86 -709.86 -719.87 -729.87 -739.87 -749.88 -759.88 -769.88 -779.88 -789.89 -799.9 -809.9 -819.91 -829.92 -839.93 -849.94 -859.94 -869.94 -879.95 -889.95 -899.96 -909.98 -919.99 -929.99 -940.0 -950.01 -960.03 -970.04 -980.05 -990.06 -1000.06 -1010.07 -1020.07 -1030.08 -1040.09 -1050.1 -1060.11 -1070.12 -1080.13 -1090.15 -1100.17 -1110.19 -1120.21 -1130.22 ];
trackPos{1}{1} = [0.00250219 0.00224826 0.000987562 -0.00404797 -0.0101175 -0.0231166 -0.028281 -0.0335954 -0.0301058 -0.039493 -0.0458778 -0.0568738 -0.0705148 -0.0762588 -0.104027 -0.136615 -0.16702 -0.229969 -0.310191 -0.380356 -0.437263 -0.513401 -0.661881 -0.846269 -1.04597 -1.2876 -1.54621 -1.82943 -1.93423 -1.92511 -1.92269 -1.92354 -1.92376 -1.92385 -1.92392 -1.92403 -1.92408 -1.92421 -1.92433 -1.92443 -1.92451 -1.9245 -1.92465 -1.92468 -1.92474 -1.92486 -1.92483 -1.92485 -1.92497 -1.92502 -1.92506 -1.92512 -1.92516 -1.92523 -1.92529 -1.92542 -1.92558 -1.92572 -1.92574 -1.92584 -1.92589 -1.92604 -1.92616 -1.92626 -1.92633 -1.92638 -1.92651 -1.92664 -1.92683 -1.92704 -1.92719 -1.9273 -1.92736 -1.92758 -1.9278 -1.92782 -1.92807 -1.9282 -1.92824 -1.92832 -1.92848 -1.92864 -1.92877 -1.92893 -1.92919 -1.9295 -1.92986 -1.93005 -1.93012 -1.93025 -1.93041 -1.93064 -1.93091 -1.93102 -1.93133 -1.93152 -1.93159 -1.93176 -1.93186 -1.93202 -1.93215 -1.93215 -1.93228 -1.93246 -1.93245 -1.93261 -1.93258 -1.93294 -1.93307 -1.93333 -1.9334 -1.9335 -1.93373 -1.93388 -1.9341 -1.93413 -1.93428 -1.93458 -1.93471 -1.93494 -1.93515 -1.93537 -1.9355 -1.93571 -1.93582 -1.93602 -1.93631 -1.93645 -1.93657 -1.93686 -1.93724 -1.93748 -1.93773 -1.9381 -1.93831 -1.93852 -1.93866 -1.93887 -1.93898 -1.9392 -1.93938 -1.93964 -1.93987 -1.9399 -1.94015 -1.94036 -1.94023 -1.94043 -1.94054 -1.94105 -1.94139 -1.94131 -1.94122 -1.94132 -1.94144 -1.94147 -1.9415 -1.94172 -1.94175 -1.94195 -1.94218 -1.94277 -1.94332 -1.94353 -1.94368 -1.9438 -1.94423 -1.94462 -1.94505 -1.94548 -1.94581 -1.94586 -1.94611 -1.94654 -1.94694 -1.94778 -1.94794 -1.94806 -1.94859 -1.94882 -1.94882 -1.94944 -1.94959 -1.94961 -1.94954 -1.94966 -1.95058 -1.95063 -1.95096 -1.95121 -1.95142 -1.95215 -1.95256 -1.95345 -1.95423 -1.95457 -1.95547 -1.95605 -1.95695 -1.95833 -1.95927 -1.96106 -1.96194 -1.96243 -1.96364 -1.966 -1.96696 -1.96829 -1.9688 -1.9686 -1.96978 -1.97236 -1.97335 -1.97416 -1.97405 -1.97417 -1.97611 -1.97627 -1.97691 -1.97714 -1.97832 -1.97903 -1.97871 -1.97968 -1.9824 -1.98595 -1.9887 -1.99066 -1.99417 -1.99854 -2.0011 -2.00601 -2.00611 -2.00691 -2.00539 -2.01265 -2.01779 -2.01787 -2.01567 -2.00839 -2.01089 -2.00017 -2.00117 -1.99321 -1.99043 -1.98024 -1.96669 -1.96212 -1.94106 -1.88681 -1.82656 -1.76654 -1.69752 -1.63321 -1.56262 -1.51413 -1.49972 -1.4311 -1.29138 -1.09021 -0.856653 -0.591195 -0.2892 0.0397592 0.395267 0.769061 1.15869 1.49433 ];
