step{1} = [155 123 226 205 223 129 251 254 129 244 130 254 129 184 86 128 238 114 137 222 133 257 126 48 444 499 79 366 324 101 246 212 243 100 131 135 244 169 149 164 307 218 191 285 129 140 253 123 56 214 77 215 255 114 64 234 250 245 369 143 135 225 323 388 153 107 255 104 261 118 104 229 276 61 142 284 118 120 284 218 212 119 113 234 106 52 113 218 207 150 228 488 207 1054 140 1264 430 230 492 1224 274 1548 261 2410 4932 70 676 298 942 4406 1979 11048 ];
step{2} = [157 128 223 223 122 91 147 180 119 51 62 154 79 270 67 164 214 97 60 73 94 99 132 168 130 91 98 61 97 97 347 96 92 108 103 95 90 103 129 275 95 95 54 88 133 96 146 106 226 93 93 140 229 85 92 118 88 98 87 219 88 405 232 92 90 100 136 254 210 97 162 97 149 103 99 97 218 103 108 112 172 97 71 102 101 140 96 79 108 105 103 111 86 124 132 559 281 230 259 129 132 116 235 134 224 221 488 219 485 937 265 223 226 163 2436 978 660 1730 289 1368 1416 97 101 73 270 68 79 130 281 79 60 76 81 72 97 72 79 79 71 89 82 62 72 60 76 56 86 79 73 77 66 59 94 99 118 170 70 168 70 78 95 91 88 176 79 71 65 100 156 164 77 68 95 178 77 67 95 128 154 64 100 164 146 96 107 195 156 187 189 162 232 662 265 102 220 115 238 192 488 186 683 128 263 299 245 170 202 188 221 224 210 195 388 198 178 94 445 9623 ];
step{3} = [100 147 121 253 219 81 103 219 271 478 251 242 197 408 276 138 376 105 261 176 225 138 110 222 145 117 223 143 271 224 80 169 99 142 247 131 119 169 113 214 137 262 121 165 150 261 131 904 108 253 381 257 1670 589 4102 904 480 203 189 738 518 691 1161 1512 227 71 63 73 63 80 142 77 79 72 59 84 125 69 121 154 83 63 69 44 71 86 84 172 110 62 126 68 88 69 104 72 62 64 77 59 54 64 79 77 54 74 60 61 68 90 97 80 71 183 186 65 112 72 108 68 178 173 78 432 8427 ];
step{4} = [102 136 118 164 561 219 124 251 56 245 492 234 149 283 1488 240 232 233 293 574 257 223 96 466 1714 231 253 235 155 130 673 145 242 144 275 306 152 249 2091 69 142 127 162 132 297 134 135 158 833 277 964 918 285 943 217 5524 400 821 811 1030 591 701 1165 1584 2252 3209 10414 3376 152 10001 1123 266 2352 1637 500 69 103 3348 1400 2291 1468 3687 3761 564 15029 ];
step{5} = [108 134 125 251 253 111 222 267 134 140 219 218 371 118 221 127 244 253 450 263 230 598 254 439 447 443 500 526 218 136 229 486 125 345 182 130 157 307 234 58 304 141 62 140 223 210 129 280 133 126 191 203 99 77 158 138 297 129 129 61 130 306 150 170 175 181 128 230 132 143 167 179 268 299 176 317 151 387 185 228 368 106 451 130 170 470 296 228 224 642 451 291 235 115 456 225 90 283 228 131 459 357 446 522 266 377 290 217 296 291 354 521 1134 591 240 244 161 246 205 187 218 304 303 235 242 217 236 302 300 143 147 251 316 153 146 574 156 239 486 513 353 841 283 624 349 2369 343 371 330 213 233 370 684 229 1369 410 391 725 256 6683 2279 2720 163 699 1071 370 314 358 98 101 197 77 78 71 81 82 84 84 108 100 88 147 91 104 72 81 176 76 197 63 266 230 246 137 222 207 256 182 83 189 194 237 544 92 347 89 1165 289 50 923 492 848 1348 220 87 536 124 625 323 473 385 215 334 59 85 233 61 73 88 58 81 88 174 1385 847 340 481 179 177 277 67 134 105 381 391 88 100 64 48 88 288 108 93 57 188 106 103 116 76 95 59 73 196 95 488 468 738 87 204 330 102 214 117 129 124 153 112 352 124 283 177 694 692 284 1836 687 4689 92 65 459 430 54 67 51 60 679 56 129 357 463 52 117 291 102 244 116 198 168 110 74 59 193 313 229 349 172 308 314 84 252 422 827 1048 249 318 271 492 236 13948 ];
step{6} = [150 120 92 219 226 131 237 146 721 275 246 251 128 278 221 122 247 274 179 659 288 251 108 88 232 626 148 279 265 119 215 214 281 126 125 132 144 623 103 116 147 188 290 160 113 164 54 304 136 277 316 170 202 651 293 275 1756 80 398 346 304 226 1032 346 315 347 311 259 262 65 144 131 147 1470 657 710 697 277 271 3306 304 289 285 285 2051 1535 4793 5063 11850 ];
step{7} = [149 123 150 216 154 130 110 327 114 134 374 251 243 219 218 225 454 131 275 147 229 246 736 100 466 122 160 133 216 127 113 79 129 109 193 107 609 873 257 234 132 158 253 218 667 153 136 532 131 222 120 218 219 110 235 168 221 149 171 144 125 221 140 280 68 278 99 202 117 145 272 306 150 103 108 119 130 116 102 270 212 65 46 73 90 52 62 123 71 78 60 77 68 199 1420 960 924 505 7413 ];
step{8} = [142 142 225 261 231 244 210 213 118 247 132 278 225 243 277 280 99 299 123 213 217 153 104 267 115 261 211 131 148 135 267 139 231 202 271 111 149 148 312 139 256 231 140 294 100 91 94 35 87 92 91 98 32 87 89 91 33 32 32 32 32 32 88 41 90 32 33 91 87 32 32 88 85 86 83 83 80 86 84 84 84 80 26 78 79 86 27 79 82 81 81 83 80 83 83 84 85 81 24 81 81 80 82 79 24 24 84 84 80 82 83 25 83 81 79 22 82 83 78 79 23 82 82 81 80 80 84 78 22 79 80 82 81 27 82 668 80 2794 242 239 232 246 1539 223 129 295 230 632 215 216 110 420 1654 882 600 442 266 3554 613 7333 ];
step{9} = [104 141 115 137 220 149 134 221 105 138 127 83 49 138 120 55 99 100 271 177 84 132 118 115 217 135 91 146 127 176 50 185 125 128 113 216 139 132 136 136 51 146 136 117 96 135 133 127 213 274 124 269 216 214 95 253 228 227 298 123 250 222 99 226 250 284 110 275 176 302 190 131 281 230 244 179 252 229 99 247 219 225 97 159 129 106 104 92 95 126 95 102 220 96 215 118 282 613 175 283 479 106 265 98 507 230 1454 324 108 571 203 205 270 248 602 719 461 260 319 2662 6338 1105 2375 503 1943 11614 ];
step{10} = [153 124 564 228 136 196 228 242 247 236 129 138 242 146 120 126 136 115 122 120 123 124 139 97 209 478 218 645 220 242 981 108 216 119 106 248 281 105 154 1018 205 158 639 79 109 941 170 138 173 597 586 139 82 1054 580 419 227 226 252 555 546 402 975 739 271 2600 7403 ];
step{11} = [113 130 121 210 209 108 103 125 269 218 101 130 129 122 127 215 296 114 223 246 251 219 205 224 216 111 88 260 320 219 366 248 219 183 305 245 120 120 112 233 312 228 108 269 96 126 117 59 227 102 227 241 616 300 212 103 273 425 302 350 60 323 702 261 293 229 159 57 122 145 107 110 131 157 156 151 142 215 154 193 122 141 163 117 128 139 149 122 134 145 199 123 128 178 132 121 123 125 108 276 462 275 120 193 109 121 183 266 362 111 236 410 476 403 179 1925 177 529 1260 253 155 2234 208 190 1235 1234 1288 215 223 923 1248 8140 ];
step{12} = [199 375 209 144 217 224 87 214 226 168 229 436 126 144 133 220 123 98 149 147 120 212 245 141 236 181 109 230 127 127 105 133 101 202 153 226 107 115 124 128 119 122 143 239 120 132 224 444 1057 221 125 171 270 162 77 627 132 472 222 220 199 216 222 225 229 229 191 122 223 287 189 142 225 232 148 140 191 186 229 226 195 168 154 196 135 331 190 208 217 143 132 169 235 327 252 255 266 157 203 236 203 221 147 717 234 211 206 245 156 217 589 216 171 1235 274 263 684 619 752 1114 5072 303 2219 648 1843 856 10191 4481 174 172 118 604 271 167 78 79 191 180 160 198 165 91 165 653 103 313 313 2431 1398 126 136 139 139 146 150 230 417 8074 292 1972 661 601 1191 1593 754 182 10429 812 3387 1957 73 414 65 103 1013 131 247 253 169 60 228 94 7166 3999 59 458 57 73 61 462 629 1216 7959 419 7471 105 99 77 831 129 289 53 45 88 92 89 123 120 109 181 146 126 231 147 620 908 149 617 157 43 1769 328 439 3169 516 953 513 193 902 563 1899 799 3315 1564 13599 ];
