goalReached = [1 1 1 1 1 1 1 1 1 1 1 1 1 1 1 1 1 1 1 1 1 1 1 1 1 1 1 1 1 0 ];
episodeCount = [112 218 125 85 329 89 99 160 126 67 132 235 345 128 156 158 284 69 158 327 158 65 142 110 125 129 102 241 125 243 ];
totalTime = [3493.76 3553.63 2640.66 7387.01 10113.0 4595.78 2593.23 3608.6 4708.89 2813.75 4328.57 17573.28 16398.45 4926.6 4470.04 5999.49 17634.9 3764.73 4343.95 22606.56 7785.66 6634.48 5613.48 6862.73 10295.73 5691.86 5479.47 30756.39 11147.79 18401.26 ];
subtimes{1} = [10.0 7.0 14.0 15.0 13.0 8.0 17.0 15.0 8.0 17.0 8.0 16.0 10.0 11.0 5.0 10.0 14.0 7.0 11.0 13.0 8.0 17.0 8.0 3.0 29.0 29.0 6.0 24.0 20.0 6.0 17.0 12.0 16.0 8.0 8.0 9.0 17.0 10.0 9.0 12.0 19.0 13.0 14.0 17.0 8.0 11.0 16.0 7.0 6.0 13.0 6.0 15.0 15.0 7.0 6.0 14.0 17.0 18.0 24.0 9.0 13.0 14.0 23.0 28.0 11.0 7.0 20.0 7.0 17.0 11.0 7.0 15.0 20.0 4.0 9.0 21.0 9.0 8.0 20.0 15.0 14.0 9.0 9.0 14.0 11.0 3.0 7.0 16.0 14.0 10.0 16.0 32.0 14.0 71.0 9.0 84.0 30.0 15.0 32.0 82.0 19.0 101.0 19.0 164.0 336.0 7.0 45.0 22.0 66.0 297.0 134.0 763.0 ];
subtimes{2} = [11.0 9.0 15.0 16.0 9.0 5.0 11.0 11.0 9.0 5.0 4.0 11.0 9.0 17.0 4.0 16.0 13.0 8.0 5.0 4.0 7.0 8.0 8.0 12.0 11.0 5.0 8.0 5.0 6.0 7.0 25.0 6.0 6.0 9.0 7.0 5.0 8.0 6.0 10.0 19.0 7.0 5.0 5.0 6.0 9.0 8.0 10.0 6.0 19.0 6.0 7.0 10.0 14.0 6.0 7.0 8.0 5.0 9.0 5.0 14.0 8.0 27.0 14.0 9.0 5.0 7.0 10.0 18.0 13.0 8.0 11.0 6.0 13.0 7.0 6.0 9.0 15.0 6.0 11.0 8.0 10.0 9.0 4.0 8.0 8.0 9.0 6.0 9.0 6.0 7.0 9.0 6.0 6.0 10.0 8.0 38.0 19.0 15.0 18.0 10.0 9.0 8.0 17.0 8.0 16.0 17.0 32.0 14.0 35.0 63.0 16.0 17.0 15.0 12.0 160.0 63.0 43.0 113.0 19.0 90.0 97.0 7.0 6.0 9.0 17.0 5.0 8.0 9.0 18.0 7.0 5.0 5.0 7.0 5.0 6.0 9.0 5.0 7.0 6.0 6.0 7.0 6.0 5.0 6.0 7.0 4.0 7.0 7.0 5.0 5.0 6.0 5.0 6.0 9.0 7.0 11.0 9.0 11.0 5.0 7.0 7.0 6.0 10.0 11.0 7.0 7.0 6.0 6.0 14.0 12.0 5.0 6.0 8.0 13.0 7.0 5.0 6.0 11.0 11.0 4.0 8.0 11.0 10.0 8.0 8.0 14.0 12.0 13.0 13.0 14.0 16.0 46.0 21.0 8.0 15.0 11.0 15.0 13.0 36.0 13.0 48.0 10.0 19.0 20.0 20.0 10.0 14.0 15.0 16.0 15.0 16.0 14.0 27.0 15.0 12.0 6.0 31.0 658.0 ];
subtimes{3} = [10.0 11.0 7.0 19.0 15.0 5.0 9.0 14.0 17.0 35.0 16.0 17.0 15.0 28.0 20.0 10.0 25.0 8.0 19.0 12.0 14.0 13.0 7.0 16.0 11.0 9.0 14.0 12.0 17.0 14.0 9.0 11.0 6.0 13.0 16.0 10.0 9.0 12.0 8.0 17.0 11.0 17.0 10.0 10.0 10.0 20.0 10.0 61.0 8.0 19.0 26.0 18.0 109.0 38.0 276.0 59.0 31.0 17.0 12.0 49.0 37.0 45.0 78.0 105.0 15.0 4.0 8.0 4.0 4.0 9.0 10.0 5.0 7.0 6.0 4.0 8.0 8.0 6.0 10.0 11.0 5.0 7.0 4.0 3.0 8.0 5.0 5.0 13.0 8.0 4.0 11.0 4.0 7.0 7.0 8.0 4.0 6.0 5.0 5.0 6.0 5.0 4.0 7.0 6.0 3.0 7.0 5.0 4.0 6.0 7.0 6.0 8.0 4.0 12.0 14.0 4.0 9.0 6.0 8.0 4.0 14.0 12.0 5.0 33.0 573.0 ];
subtimes{4} = [12.0 9.0 7.0 13.0 39.0 14.0 11.0 18.0 3.0 20.0 34.0 17.0 13.0 18.0 103.0 19.0 15.0 18.0 22.0 39.0 17.0 18.0 8.0 31.0 117.0 16.0 19.0 18.0 10.0 8.0 49.0 9.0 18.0 11.0 20.0 20.0 13.0 18.0 151.0 7.0 11.0 10.0 14.0 8.0 24.0 11.0 11.0 11.0 59.0 21.0 68.0 67.0 20.0 66.0 18.0 389.0 28.0 61.0 59.0 74.0 44.0 51.0 84.0 115.0 163.0 232.0 757.0 246.0 12.0 738.0 84.0 20.0 176.0 121.0 39.0 7.0 9.0 248.0 108.0 171.0 110.0 283.0 287.0 43.0 1185.0 ];
subtimes{5} = [12.0 10.0 10.0 21.0 18.0 10.0 18.0 19.0 10.0 13.0 17.0 15.0 30.0 8.0 17.0 11.0 18.0 20.0 34.0 19.0 18.0 47.0 18.0 32.0 36.0 34.0 35.0 41.0 17.0 10.0 19.0 34.0 9.0 28.0 14.0 9.0 15.0 23.0 25.0 6.0 26.0 12.0 7.0 11.0 16.0 19.0 9.0 23.0 13.0 9.0 15.0 17.0 8.0 5.0 15.0 11.0 21.0 12.0 10.0 4.0 12.0 23.0 12.0 15.0 13.0 13.0 11.0 18.0 10.0 14.0 14.0 13.0 22.0 23.0 13.0 28.0 12.0 30.0 17.0 17.0 27.0 10.0 34.0 9.0 16.0 37.0 23.0 19.0 17.0 51.0 37.0 21.0 18.0 10.0 36.0 19.0 9.0 21.0 19.0 12.0 36.0 26.0 37.0 40.0 23.0 31.0 21.0 16.0 26.0 22.0 28.0 42.0 88.0 45.0 21.0 19.0 14.0 22.0 16.0 14.0 19.0 24.0 23.0 21.0 20.0 17.0 20.0 24.0 22.0 13.0 12.0 19.0 28.0 11.0 13.0 49.0 12.0 18.0 42.0 41.0 28.0 67.0 23.0 48.0 30.0 186.0 26.0 31.0 28.0 18.0 22.0 29.0 54.0 21.0 114.0 33.0 32.0 57.0 21.0 534.0 187.0 220.0 15.0 58.0 90.0 32.0 27.0 30.0 10.0 8.0 16.0 8.0 7.0 6.0 8.0 8.0 6.0 10.0 8.0 10.0 9.0 12.0 7.0 12.0 6.0 8.0 16.0 6.0 17.0 7.0 23.0 19.0 22.0 12.0 18.0 19.0 21.0 15.0 11.0 16.0 17.0 22.0 45.0 7.0 31.0 7.0 95.0 27.0 4.0 77.0 42.0 72.0 112.0 21.0 9.0 44.0 12.0 51.0 26.0 42.0 32.0 18.0 30.0 6.0 6.0 21.0 7.0 6.0 9.0 6.0 6.0 10.0 14.0 117.0 72.0 28.0 40.0 17.0 15.0 22.0 8.0 10.0 9.0 34.0 34.0 7.0 11.0 5.0 4.0 10.0 24.0 9.0 10.0 7.0 14.0 11.0 9.0 9.0 10.0 7.0 5.0 9.0 16.0 8.0 44.0 39.0 62.0 9.0 16.0 28.0 12.0 17.0 9.0 14.0 11.0 12.0 12.0 30.0 10.0 28.0 15.0 61.0 60.0 23.0 155.0 61.0 393.0 8.0 10.0 40.0 35.0 8.0 5.0 4.0 7.0 59.0 4.0 16.0 32.0 38.0 6.0 10.0 24.0 11.0 20.0 10.0 20.0 14.0 9.0 9.0 5.0 16.0 28.0 21.0 28.0 17.0 27.0 27.0 10.0 21.0 35.0 72.0 91.0 21.0 31.0 27.0 44.0 22.0 1200.0 ];
subtimes{6} = [18.0 9.0 8.0 19.0 18.0 11.0 22.0 12.0 59.0 26.0 19.0 19.0 13.0 23.0 19.0 11.0 22.0 22.0 17.0 53.0 24.0 22.0 10.0 7.0 21.0 52.0 12.0 26.0 21.0 10.0 20.0 17.0 22.0 14.0 10.0 11.0 14.0 50.0 9.0 11.0 12.0 16.0 26.0 14.0 10.0 16.0 4.0 25.0 14.0 23.0 25.0 16.0 17.0 53.0 28.0 22.0 146.0 9.0 32.0 27.0 29.0 20.0 85.0 32.0 28.0 28.0 27.0 21.0 22.0 7.0 14.0 10.0 14.0 125.0 53.0 63.0 56.0 24.0 24.0 282.0 26.0 27.0 23.0 25.0 177.0 129.0 412.0 442.0 1031.0 ];
subtimes{7} = [19.0 9.0 12.0 21.0 13.0 11.0 11.0 27.0 9.0 13.0 30.0 20.0 23.0 18.0 19.0 20.0 37.0 11.0 24.0 12.0 19.0 23.0 59.0 10.0 40.0 11.0 13.0 13.0 18.0 11.0 12.0 6.0 11.0 11.0 17.0 9.0 52.0 73.0 22.0 23.0 12.0 12.0 25.0 19.0 54.0 15.0 13.0 43.0 15.0 19.0 11.0 20.0 18.0 10.0 22.0 14.0 19.0 14.0 15.0 12.0 13.0 19.0 13.0 25.0 6.0 24.0 10.0 18.0 12.0 15.0 22.0 27.0 14.0 9.0 9.0 14.0 12.0 10.0 12.0 23.0 18.0 10.0 4.0 6.0 11.0 4.0 5.0 13.0 6.0 8.0 7.0 6.0 8.0 19.0 122.0 80.0 82.0 42.0 634.0 ];
subtimes{8} = [20.0 11.0 21.0 24.0 19.0 20.0 20.0 20.0 9.0 23.0 12.0 23.0 23.0 21.0 23.0 27.0 8.0 26.0 12.0 19.0 21.0 14.0 10.0 22.0 12.0 22.0 18.0 14.0 14.0 11.0 27.0 11.0 21.0 21.0 23.0 10.0 14.0 14.0 27.0 13.0 23.0 20.0 15.0 25.0 10.0 10.0 9.0 3.0 9.0 9.0 7.0 11.0 3.0 7.0 11.0 8.0 3.0 6.0 3.0 3.0 5.0 3.0 9.0 6.0 8.0 4.0 5.0 8.0 8.0 5.0 3.0 7.0 10.0 7.0 8.0 9.0 8.0 7.0 9.0 8.0 7.0 10.0 2.0 6.0 11.0 7.0 2.0 11.0 7.0 7.0 10.0 7.0 9.0 9.0 9.0 7.0 9.0 8.0 2.0 9.0 9.0 7.0 10.0 7.0 2.0 4.0 8.0 7.0 11.0 7.0 7.0 5.0 7.0 7.0 11.0 2.0 7.0 10.0 6.0 9.0 4.0 7.0 7.0 10.0 7.0 9.0 9.0 7.0 2.0 9.0 7.0 8.0 9.0 3.0 8.0 60.0 8.0 244.0 24.0 23.0 21.0 24.0 136.0 19.0 13.0 27.0 21.0 57.0 19.0 21.0 11.0 39.0 148.0 79.0 54.0 40.0 28.0 323.0 55.0 665.0 ];
subtimes{9} = [18.0 12.0 10.0 15.0 19.0 13.0 14.0 22.0 9.0 15.0 12.0 7.0 6.0 12.0 11.0 7.0 8.0 9.0 27.0 17.0 9.0 13.0 12.0 12.0 21.0 11.0 9.0 15.0 10.0 16.0 6.0 16.0 13.0 15.0 9.0 19.0 16.0 13.0 11.0 15.0 4.0 14.0 15.0 9.0 10.0 14.0 11.0 11.0 21.0 25.0 11.0 26.0 20.0 18.0 10.0 22.0 22.0 22.0 26.0 12.0 24.0 20.0 9.0 22.0 22.0 26.0 11.0 26.0 17.0 28.0 18.0 13.0 26.0 21.0 22.0 17.0 23.0 20.0 11.0 23.0 20.0 22.0 8.0 15.0 14.0 9.0 10.0 10.0 10.0 13.0 10.0 11.0 19.0 10.0 19.0 11.0 26.0 56.0 15.0 28.0 43.0 11.0 25.0 9.0 44.0 23.0 132.0 31.0 11.0 51.0 20.0 20.0 24.0 23.0 59.0 63.0 43.0 25.0 30.0 236.0 578.0 100.0 220.0 50.0 179.0 1072.0 ];
subtimes{10} = [26.0 12.0 49.0 23.0 11.0 17.0 23.0 23.0 22.0 23.0 12.0 14.0 24.0 15.0 10.0 14.0 12.0 11.0 14.0 10.0 12.0 14.0 12.0 9.0 21.0 42.0 19.0 62.0 20.0 21.0 90.0 11.0 19.0 12.0 11.0 21.0 28.0 9.0 15.0 94.0 18.0 16.0 60.0 8.0 9.0 89.0 17.0 13.0 17.0 56.0 55.0 16.0 8.0 96.0 57.0 38.0 21.0 23.0 24.0 49.0 52.0 38.0 89.0 72.0 26.0 244.0 692.0 ];
