goalReached = [1 1 1 1 1 1 0 ];
episodeCount = [178 395 784 250 117 126 167 ];
totalTime = [4267.6 15961.05 28055.93 10177.16 5547.37 4874.1 9871.59 ];
subtimes{1} = [12.0 6.0 9.0 12.0 14.0 15.0 13.0 16.0 16.0 12.0 9.0 15.0 8.0 10.0 17.0 17.0 8.0 12.0 9.0 10.0 10.0 10.0 6.0 16.0 14.0 7.0 9.0 11.0 14.0 9.0 11.0 10.0 16.0 10.0 10.0 4.0 11.0 14.0 8.0 12.0 8.0 8.0 11.0 9.0 8.0 17.0 16.0 9.0 12.0 9.0 12.0 10.0 16.0 9.0 11.0 10.0 10.0 13.0 10.0 10.0 18.0 19.0 6.0 19.0 10.0 9.0 10.0 34.0 17.0 12.0 31.0 9.0 9.0 10.0 12.0 24.0 6.0 9.0 7.0 6.0 13.0 15.0 6.0 6.0 7.0 13.0 4.0 12.0 24.0 7.0 11.0 9.0 33.0 14.0 18.0 87.0 10.0 49.0 53.0 32.0 12.0 7.0 23.0 8.0 9.0 9.0 22.0 16.0 6.0 8.0 15.0 24.0 24.0 18.0 39.0 74.0 15.0 25.0 17.0 7.0 22.0 10.0 11.0 18.0 10.0 9.0 11.0 10.0 25.0 15.0 9.0 7.0 16.0 6.0 8.0 23.0 7.0 23.0 85.0 8.0 45.0 12.0 23.0 21.0 16.0 49.0 99.0 31.0 5.0 59.0 8.0 31.0 9.0 9.0 6.0 4.0 9.0 5.0 35.0 12.0 29.0 12.0 35.0 104.0 41.0 31.0 85.0 309.0 42.0 46.0 123.0 187.0 32.0 3.0 12.0 47.0 47.0 505.0 ];
subtimes{2} = [15.0 9.0 12.0 22.0 10.0 12.0 10.0 19.0 18.0 19.0 9.0 9.0 14.0 35.0 21.0 20.0 17.0 11.0 16.0 29.0 6.0 19.0 17.0 21.0 18.0 16.0 7.0 20.0 17.0 20.0 15.0 10.0 16.0 24.0 10.0 9.0 10.0 8.0 11.0 6.0 24.0 17.0 13.0 9.0 17.0 19.0 21.0 11.0 11.0 7.0 13.0 12.0 8.0 9.0 13.0 22.0 9.0 19.0 5.0 14.0 29.0 24.0 9.0 14.0 13.0 15.0 6.0 20.0 7.0 13.0 8.0 10.0 14.0 8.0 8.0 13.0 11.0 9.0 11.0 11.0 9.0 13.0 12.0 5.0 12.0 10.0 5.0 22.0 9.0 4.0 11.0 11.0 11.0 25.0 8.0 8.0 8.0 8.0 13.0 14.0 13.0 4.0 6.0 8.0 8.0 10.0 13.0 9.0 12.0 14.0 4.0 10.0 11.0 19.0 10.0 12.0 9.0 11.0 8.0 15.0 21.0 10.0 12.0 9.0 34.0 10.0 15.0 8.0 13.0 15.0 47.0 26.0 16.0 12.0 8.0 23.0 63.0 30.0 138.0 174.0 46.0 27.0 37.0 52.0 44.0 122.0 51.0 136.0 53.0 14.0 18.0 10.0 23.0 17.0 17.0 17.0 21.0 16.0 17.0 20.0 5.0 37.0 22.0 5.0 21.0 6.0 13.0 13.0 15.0 5.0 44.0 8.0 39.0 10.0 8.0 15.0 5.0 39.0 4.0 8.0 11.0 34.0 4.0 13.0 6.0 102.0 94.0 5.0 11.0 99.0 134.0 57.0 7.0 19.0 13.0 14.0 14.0 4.0 10.0 8.0 25.0 112.0 30.0 7.0 51.0 30.0 253.0 37.0 41.0 5.0 15.0 32.0 37.0 21.0 34.0 105.0 29.0 41.0 602.0 11.0 14.0 10.0 16.0 26.0 54.0 567.0 9.0 43.0 10.0 31.0 38.0 13.0 9.0 10.0 204.0 78.0 17.0 8.0 97.0 65.0 12.0 30.0 5.0 11.0 27.0 59.0 10.0 76.0 12.0 16.0 39.0 5.0 37.0 36.0 22.0 7.0 4.0 6.0 33.0 99.0 35.0 30.0 35.0 28.0 59.0 101.0 36.0 7.0 5.0 54.0 9.0 5.0 5.0 8.0 25.0 26.0 12.0 8.0 55.0 12.0 6.0 7.0 146.0 6.0 9.0 26.0 169.0 55.0 25.0 26.0 64.0 34.0 26.0 112.0 30.0 45.0 102.0 58.0 206.0 56.0 32.0 25.0 16.0 10.0 17.0 348.0 14.0 12.0 23.0 15.0 13.0 7.0 58.0 12.0 56.0 45.0 155.0 79.0 143.0 70.0 47.0 130.0 13.0 42.0 120.0 84.0 17.0 126.0 98.0 22.0 17.0 38.0 42.0 38.0 53.0 17.0 19.0 25.0 17.0 26.0 15.0 16.0 104.0 26.0 24.0 10.0 9.0 25.0 46.0 8.0 23.0 22.0 13.0 12.0 156.0 9.0 19.0 9.0 10.0 21.0 68.0 9.0 73.0 132.0 47.0 92.0 38.0 52.0 63.0 150.0 11.0 391.0 144.0 131.0 365.0 73.0 20.0 33.0 35.0 32.0 6.0 34.0 29.0 48.0 190.0 394.0 36.0 7.0 7.0 6.0 294.0 101.0 114.0 120.0 765.0 ];
subtimes{3} = [16.0 21.0 14.0 14.0 22.0 11.0 52.0 12.0 24.0 27.0 21.0 12.0 20.0 18.0 12.0 18.0 12.0 21.0 14.0 10.0 8.0 14.0 20.0 22.0 12.0 9.0 5.0 27.0 10.0 10.0 15.0 16.0 12.0 13.0 12.0 12.0 13.0 12.0 12.0 14.0 10.0 10.0 14.0 13.0 12.0 13.0 10.0 9.0 12.0 10.0 12.0 15.0 13.0 14.0 7.0 10.0 14.0 16.0 11.0 13.0 10.0 12.0 13.0 14.0 10.0 22.0 20.0 9.0 9.0 11.0 13.0 6.0 10.0 11.0 12.0 12.0 9.0 6.0 15.0 5.0 9.0 15.0 6.0 6.0 7.0 15.0 10.0 7.0 10.0 5.0 9.0 5.0 5.0 8.0 10.0 7.0 19.0 7.0 5.0 12.0 10.0 8.0 11.0 9.0 4.0 7.0 11.0 6.0 11.0 10.0 7.0 7.0 10.0 4.0 10.0 9.0 7.0 15.0 9.0 8.0 9.0 12.0 9.0 12.0 7.0 10.0 11.0 7.0 4.0 6.0 12.0 6.0 7.0 7.0 11.0 8.0 13.0 9.0 10.0 6.0 7.0 7.0 10.0 10.0 13.0 7.0 16.0 9.0 9.0 12.0 24.0 10.0 9.0 9.0 11.0 4.0 21.0 10.0 7.0 12.0 10.0 10.0 12.0 5.0 11.0 11.0 8.0 8.0 8.0 6.0 10.0 25.0 10.0 9.0 17.0 9.0 7.0 22.0 9.0 14.0 12.0 15.0 8.0 12.0 14.0 9.0 13.0 10.0 20.0 13.0 13.0 20.0 13.0 6.0 6.0 12.0 20.0 12.0 24.0 21.0 6.0 13.0 11.0 13.0 10.0 11.0 8.0 67.0 89.0 35.0 67.0 19.0 17.0 11.0 6.0 19.0 8.0 16.0 22.0 24.0 26.0 18.0 44.0 24.0 20.0 51.0 40.0 50.0 23.0 99.0 26.0 12.0 57.0 62.0 56.0 25.0 54.0 29.0 11.0 31.0 25.0 12.0 14.0 15.0 24.0 13.0 8.0 11.0 9.0 15.0 5.0 22.0 13.0 7.0 17.0 15.0 11.0 15.0 7.0 15.0 11.0 8.0 5.0 12.0 17.0 11.0 11.0 14.0 21.0 10.0 9.0 11.0 11.0 11.0 20.0 12.0 7.0 20.0 8.0 15.0 22.0 11.0 15.0 8.0 22.0 8.0 9.0 10.0 13.0 12.0 10.0 12.0 12.0 16.0 7.0 8.0 9.0 8.0 8.0 10.0 14.0 8.0 5.0 16.0 5.0 15.0 11.0 43.0 13.0 7.0 9.0 5.0 8.0 10.0 5.0 14.0 5.0 5.0 10.0 8.0 8.0 9.0 11.0 11.0 8.0 10.0 8.0 14.0 6.0 5.0 9.0 6.0 7.0 9.0 9.0 4.0 12.0 10.0 5.0 10.0 12.0 10.0 9.0 9.0 8.0 38.0 34.0 6.0 20.0 4.0 5.0 40.0 14.0 19.0 8.0 19.0 28.0 7.0 10.0 14.0 22.0 16.0 6.0 23.0 4.0 14.0 11.0 9.0 5.0 8.0 6.0 10.0 14.0 23.0 11.0 9.0 7.0 16.0 12.0 13.0 9.0 10.0 7.0 11.0 12.0 8.0 11.0 11.0 8.0 7.0 31.0 54.0 14.0 25.0 53.0 31.0 15.0 11.0 125.0 49.0 139.0 66.0 85.0 25.0 142.0 276.0 80.0 10.0 42.0 498.0 265.0 84.0 4.0 32.0 14.0 40.0 77.0 124.0 101.0 36.0 261.0 18.0 11.0 24.0 21.0 122.0 25.0 38.0 305.0 46.0 17.0 9.0 107.0 109.0 27.0 29.0 27.0 79.0 29.0 20.0 64.0 43.0 32.0 23.0 34.0 8.0 9.0 10.0 8.0 11.0 12.0 8.0 11.0 43.0 16.0 16.0 20.0 31.0 18.0 35.0 8.0 8.0 40.0 140.0 91.0 33.0 15.0 19.0 60.0 10.0 12.0 58.0 39.0 86.0 16.0 17.0 12.0 203.0 9.0 65.0 61.0 169.0 11.0 30.0 9.0 107.0 99.0 39.0 9.0 75.0 28.0 8.0 30.0 12.0 11.0 121.0 52.0 84.0 119.0 147.0 75.0 10.0 152.0 7.0 30.0 10.0 174.0 12.0 10.0 148.0 51.0 48.0 30.0 77.0 23.0 63.0 172.0 387.0 6.0 7.0 118.0 177.0 77.0 93.0 34.0 61.0 35.0 25.0 663.0 136.0 85.0 110.0 38.0 61.0 46.0 38.0 66.0 16.0 242.0 34.0 116.0 99.0 39.0 54.0 1784.0 24.0 46.0 11.0 13.0 28.0 36.0 17.0 13.0 8.0 9.0 13.0 8.0 8.0 8.0 25.0 13.0 20.0 16.0 6.0 10.0 9.0 7.0 8.0 6.0 10.0 8.0 59.0 7.0 10.0 7.0 8.0 9.0 109.0 29.0 18.0 44.0 6.0 57.0 34.0 14.0 366.0 7.0 8.0 9.0 6.0 5.0 14.0 14.0 10.0 14.0 12.0 14.0 8.0 11.0 11.0 12.0 8.0 10.0 16.0 13.0 13.0 14.0 11.0 10.0 10.0 11.0 16.0 16.0 13.0 13.0 13.0 8.0 11.0 13.0 12.0 14.0 13.0 13.0 10.0 14.0 11.0 14.0 12.0 15.0 12.0 17.0 15.0 33.0 15.0 13.0 11.0 16.0 16.0 12.0 16.0 13.0 27.0 25.0 13.0 27.0 15.0 12.0 13.0 13.0 8.0 53.0 21.0 28.0 7.0 24.0 7.0 6.0 14.0 22.0 32.0 26.0 39.0 43.0 50.0 42.0 89.0 19.0 51.0 93.0 15.0 8.0 18.0 53.0 13.0 46.0 39.0 22.0 8.0 105.0 10.0 16.0 513.0 358.0 374.0 119.0 81.0 17.0 31.0 49.0 19.0 30.0 18.0 7.0 29.0 39.0 8.0 16.0 14.0 21.0 20.0 18.0 9.0 10.0 7.0 11.0 17.0 33.0 55.0 44.0 20.0 29.0 11.0 50.0 30.0 56.0 19.0 14.0 46.0 19.0 47.0 82.0 5.0 18.0 15.0 14.0 10.0 20.0 15.0 14.0 9.0 10.0 10.0 17.0 9.0 10.0 17.0 32.0 14.0 12.0 7.0 7.0 19.0 29.0 11.0 9.0 10.0 7.0 8.0 7.0 7.0 12.0 8.0 12.0 28.0 6.0 20.0 52.0 22.0 39.0 190.0 38.0 37.0 34.0 403.0 144.0 321.0 196.0 86.0 68.0 170.0 190.0 115.0 18.0 17.0 328.0 190.0 131.0 27.0 358.0 80.0 113.0 62.0 177.0 982.0 ];
