step{1} = [148 86 125 154 200 211 158 226 221 138 126 207 85 146 220 202 103 168 98 132 144 109 91 217 155 106 124 121 211 130 129 133 216 105 129 55 120 192 111 142 111 123 124 122 114 216 217 120 127 123 133 105 209 126 122 129 133 139 130 122 218 242 92 243 144 105 116 462 221 137 417 121 91 127 152 278 88 130 59 88 168 154 76 71 70 172 60 147 308 83 121 112 445 157 238 1136 106 613 682 406 158 97 252 110 118 91 270 195 54 98 167 261 310 225 484 913 187 274 218 76 253 122 124 192 117 117 94 124 337 156 105 80 154 86 107 274 78 273 1044 107 568 127 289 228 169 582 1259 365 68 731 76 413 88 81 77 53 81 58 390 100 367 152 411 1274 484 349 1072 3708 479 512 1406 2183 393 38 93 581 581 6023 ];
step{2} = [157 124 141 243 127 129 102 220 221 218 113 128 168 453 247 186 224 143 167 383 87 220 241 251 213 225 88 210 223 247 152 134 210 280 140 123 87 108 125 56 290 211 149 127 220 186 257 125 107 97 134 122 101 114 125 253 116 204 46 194 340 287 110 159 132 192 56 275 93 137 116 101 145 110 91 134 145 101 120 138 118 145 151 50 131 137 48 230 102 51 126 152 138 278 98 97 51 103 152 144 162 59 49 100 90 94 168 108 117 170 53 102 129 225 98 138 124 98 109 143 242 131 135 97 457 119 146 99 179 159 573 322 135 145 108 267 762 345 1690 2149 539 317 450 665 525 1558 649 1683 659 151 215 133 230 186 213 223 218 214 211 227 59 444 256 59 274 59 154 154 164 58 547 59 450 127 59 151 59 445 58 110 105 418 59 130 59 1231 1110 59 127 1160 1661 680 58 234 141 142 145 54 97 87 277 1315 359 73 594 381 3132 418 508 68 139 389 430 211 426 1271 305 466 7184 101 161 129 142 274 643 6545 93 463 99 377 466 116 102 115 2343 899 176 65 1127 728 111 319 59 87 322 709 78 820 125 144 441 44 385 408 249 52 47 58 365 1122 373 301 398 306 616 1128 380 54 50 600 72 69 63 65 266 309 103 77 595 85 64 67 1566 73 101 275 1878 620 262 276 693 362 274 1276 318 526 1144 630 2241 624 320 285 165 79 195 3771 129 124 240 138 143 67 583 139 607 452 1617 844 1477 734 470 1305 135 433 1227 860 178 1274 981 216 142 403 439 321 559 174 189 252 176 234 169 183 1011 279 224 83 81 262 463 81 226 200 110 116 1562 88 181 69 86 206 641 99 752 1331 492 941 352 531 603 1441 103 3934 1356 1335 3571 668 195 312 318 313 61 320 283 462 1845 3868 353 51 66 47 2789 987 1106 1047 7281 ];
step{3} = [150 244 146 127 251 115 560 130 257 261 242 123 221 211 139 177 148 229 141 127 97 117 222 225 120 106 58 269 112 106 138 160 114 107 140 112 112 122 114 129 107 122 127 135 131 130 87 96 105 125 127 148 126 136 57 98 128 141 124 138 89 124 154 138 107 230 204 111 87 94 129 70 77 118 139 104 106 50 149 49 105 111 63 75 49 169 107 50 98 50 80 49 49 67 100 70 188 70 63 102 100 90 99 102 51 48 112 59 100 99 81 54 102 48 74 89 76 128 102 94 73 98 100 102 75 103 97 78 50 49 120 73 54 61 129 68 143 87 99 49 74 56 105 109 110 81 166 75 96 139 226 114 86 82 108 46 218 94 79 94 99 104 98 47 103 82 97 86 57 65 94 247 119 106 138 107 76 213 91 141 100 153 81 85 140 106 115 106 203 102 129 208 112 70 64 105 221 124 207 212 69 112 119 128 90 112 86 679 943 345 669 206 173 76 61 180 63 172 232 218 241 190 414 241 209 522 415 533 217 1017 278 106 589 645 573 253 566 279 118 309 222 116 144 144 226 142 52 112 81 124 53 229 120 60 157 130 112 136 57 141 113 52 48 113 133 121 115 127 206 106 72 108 106 96 211 116 51 199 70 117 228 115 117 79 206 51 96 100 114 119 104 102 133 160 50 71 95 46 73 102 123 77 49 143 43 147 87 439 128 49 99 47 49 101 57 131 47 48 84 81 96 66 95 105 63 98 90 116 66 51 49 60 75 70 95 41 110 106 49 52 123 85 72 86 84 361 343 63 188 47 54 388 140 181 60 193 290 47 92 138 193 146 51 198 44 129 92 93 49 58 61 89 119 223 112 72 78 155 93 114 96 84 48 113 92 87 100 85 69 71 275 561 148 227 543 293 128 118 1212 477 1324 645 845 245 1408 2669 772 93 369 4745 2553 783 44 327 118 396 763 1158 961 336 2472 180 91 192 197 1137 232 348 2910 430 164 92 962 1001 242 237 258 735 246 172 609 383 309 218 266 77 83 72 83 96 84 81 80 377 151 155 152 292 156 284 77 84 349 1284 829 278 150 162 536 85 81 501 368 760 126 140 122 1860 75 588 545 1534 108 243 90 953 880 354 88 688 255 70 267 99 83 1062 462 762 1031 1292 682 53 1377 65 256 91 1536 87 96 1346 419 431 265 680 204 542 1492 3380 39 44 1033 1553 631 791 306 498 304 218 5714 1169 717 915 323 509 330 321 562 125 2021 284 973 789 321 422 14574 204 357 85 94 204 303 137 78 65 66 91 63 57 46 189 108 133 116 54 57 65 54 55 47 85 47 472 50 53 57 68 58 899 239 111 354 51 451 256 116 2998 58 66 52 49 45 92 108 86 94 98 99 48 91 96 82 66 88 101 106 103 96 82 87 71 83 135 99 103 110 89 75 76 80 100 103 83 105 84 94 89 122 82 104 97 115 111 258 104 107 91 120 134 109 109 109 207 189 111 207 102 98 119 94 68 415 135 238 58 179 52 53 107 177 253 190 301 357 380 332 738 123 396 741 94 72 121 419 110 356 275 178 68 861 82 124 4065 2876 3000 966 615 137 243 384 139 222 145 59 219 301 58 93 122 163 116 146 70 61 59 85 122 268 430 326 142 222 76 402 238 418 151 96 339 146 394 638 39 138 105 118 68 144 115 107 57 73 75 114 65 87 117 251 105 76 60 62 145 217 69 60 71 58 42 57 53 79 63 88 203 50 146 401 185 310 1499 278 290 256 3180 1132 2493 1520 639 527 1332 1458 884 135 133 2564 1454 1005 188 2763 602 825 467 1369 7427 ];
step{4} = [99 142 121 217 224 119 107 117 105 205 151 223 263 189 221 115 143 135 214 219 225 228 237 228 371 544 276 275 136 230 243 140 257 201 233 252 105 321 1008 299 298 227 125 288 210 502 327 446 252 586 236 249 258 273 66 68 62 206 120 81 137 327 382 213 182 591 303 421 279 283 281 208 521 306 293 219 406 238 69 86 74 122 169 117 136 69 137 116 138 135 161 123 107 148 148 154 194 130 122 126 191 62 174 145 103 166 99 175 161 192 155 98 111 102 152 158 176 105 120 94 102 97 98 105 101 127 100 187 156 100 171 99 103 98 100 98 105 159 144 142 110 133 98 109 102 119 97 85 164 217 86 106 101 103 115 112 151 875 107 827 861 3463 881 1298 875 467 498 193 479 79 474 189 475 107 202 182 215 211 263 266 169 180 469 183 238 194 464 459 470 457 466 462 179 763 6510 334 143 422 620 440 301 116 2061 423 483 715 517 149 115 82 322 151 264 624 344 232 440 332 688 273 525 375 332 217 166 297 250 246 128 120 248 188 184 184 173 199 526 769 155 199 169 520 122 1199 122 794 159 133 341 9512 ];
step{5} = [89 125 123 594 440 139 128 498 131 219 132 246 220 251 100 273 132 64 223 280 453 164 130 385 310 318 812 243 275 381 141 146 123 123 226 220 224 95 148 117 119 115 127 109 111 116 137 145 200 176 127 111 180 174 114 139 946 253 661 215 615 209 312 82 113 669 116 204 129 218 640 565 567 207 149 145 128 698 218 215 218 196 118 200 212 216 204 218 214 207 114 220 455 209 119 134 469 208 128 215 117 203 589 115 590 897 826 245 223 1098 412 290 1121 442 1858 1709 9101 ];
step{6} = [158 188 251 254 460 251 114 218 304 215 223 213 176 354 127 126 319 179 99 213 117 219 216 126 222 166 116 113 127 88 247 261 95 216 103 68 366 130 130 129 208 174 97 360 275 120 145 128 235 269 268 215 103 165 198 156 51 104 161 56 205 126 102 131 139 132 162 130 120 93 220 286 105 141 152 182 93 219 140 109 96 83 49 90 122 56 98 74 63 78 84 49 122 101 101 139 62 95 168 150 89 169 309 268 56 116 102 176 309 158 422 472 3475 101 184 100 290 630 333 223 274 587 2919 615 291 8739 ];
step{7} = [158 118 227 235 491 147 147 71 82 221 92 90 74 72 88 72 90 207 62 74 51 74 107 63 68 69 89 90 89 148 90 125 91 124 101 142 218 137 143 142 137 105 99 113 228 228 278 223 225 134 227 133 148 149 113 235 222 140 133 262 75 222 587 118 144 225 115 140 111 125 506 231 120 148 108 209 123 143 196 166 128 60 75 84 85 78 56 80 68 162 173 170 77 71 108 199 50 48 50 72 238 43 146 111 48 183 49 79 63 104 64 102 105 54 107 56 37 90 255 183 56 89 54 47 128 86 55 37 41 75 218 459 144 279 248 675 60 224 256 80 187 38 242 301 425 376 1718 343 280 1325 4384 1017 2506 2701 2464 103 228 3359 5023 1325 4764 2403 7362 1593 3611 3296 ];
