step{1} = [153 119 238 220 122 89 224 128 128 91 97 110 123 139 161 97 123 113 124 122 125 193 124 62 98 241 160 204 101 214 224 130 221 99 127 110 125 54 130 124 84 147 113 229 192 142 241 59 53 142 99 140 188 103 115 199 160 146 151 130 107 156 276 138 132 239 214 230 232 151 257 167 151 177 124 276 220 138 216 184 119 130 255 127 545 240 718 141 198 656 497 125 247 295 251 746 92 285 257 417 242 164 248 234 1070 118 123 509 237 229 225 170 57 496 246 497 417 456 126 964 2294 899 853 872 4545 8258 ];
step{2} = [99 142 567 129 222 143 255 223 156 53 223 150 213 140 135 236 226 284 205 126 56 220 237 472 229 241 253 618 127 219 319 278 194 181 270 398 106 89 114 279 243 340 271 131 288 62 118 60 58 59 61 66 58 64 72 66 285 203 121 86 97 125 214 146 271 117 125 141 118 114 80 61 142 138 122 64 148 111 49 141 115 149 108 117 141 147 118 163 121 111 134 127 101 117 39 50 91 34 34 53 33 38 86 52 102 93 51 60 92 89 35 31 93 37 36 95 28 40 93 49 28 35 33 36 107 34 43 36 32 31 35 52 36 29 39 70 34 34 31 30 81 89 34 33 88 110 34 84 89 37 27 47 31 32 31 93 36 39 39 63 55 59 57 327 247 60 94 203 61 73 34 90 272 109 255 214 198 90 221 484 229 200 203 196 261 573 408 133 201 208 213 676 637 201 201 336 211 623 334 224 522 560 678 357 359 197 285 197 371 58 1106 12516 ];
step{3} = [157 126 220 219 131 146 155 139 123 142 50 111 127 63 80 59 112 71 84 56 150 101 52 97 95 261 55 117 94 113 98 64 55 252 155 142 261 234 312 298 262 237 151 157 124 260 220 162 122 277 373 231 456 235 52 61 153 245 53 52 132 313 194 257 110 107 726 110 133 342 354 148 212 59 357 225 57 64 44 54 109 120 61 59 43 126 51 48 130 112 47 56 55 50 109 40 44 52 52 53 40 41 102 42 45 42 45 50 42 55 60 52 49 42 55 66 65 67 65 91 140 80 112 64 69 71 182 777 409 1640 2343 107 158 155 543 927 3670 836 786 152 782 816 2095 795 110 9913 ];
step{4} = [240 126 225 252 250 217 251 77 1494 429 818 625 135 577 271 132 1029 507 175 124 138 153 124 121 145 123 124 262 75 216 162 162 121 97 120 146 116 266 235 313 253 75 234 84 236 224 123 130 184 170 116 262 104 95 144 129 269 265 977 349 896 92 97 2031 820 63 230 75 463 280 990 72 87 153 39 206 156 208 152 47 477 159 54 157 1959 216 893 1610 95 1769 6408 498 2102 315 10831 ];
step{5} = [112 123 125 214 271 140 110 124 218 245 212 224 222 181 143 53 130 171 104 133 143 160 53 139 113 173 233 127 133 95 81 114 114 98 101 117 103 51 106 119 110 105 93 169 141 218 119 159 103 92 117 145 153 354 541 154 280 127 193 209 163 107 106 154 141 238 156 128 251 167 165 150 143 88 104 309 140 114 202 91 141 132 143 81 119 102 230 119 157 90 96 86 143 124 55 125 71 65 98 88 77 104 90 111 553 212 172 250 175 541 273 584 218 226 218 178 274 573 248 167 1249 285 4470 811 413 3826 3875 169 167 53 666 326 74 82 69 183 67 112 115 352 1946 9109 ];
step{6} = [149 124 158 437 165 325 97 158 135 569 439 256 138 604 215 221 249 1196 109 221 452 140 223 220 251 132 541 333 312 275 564 297 576 136 345 199 87 123 119 69 77 191 342 115 83 237 54 258 111 62 156 160 207 160 152 118 72 91 101 100 207 130 334 914 151 518 104 113 203 299 210 891 339 254 914 474 552 437 238 701 518 796 358 318 347 430 669 121 223 223 273 1531 288 276 207 88 125 377 229 242 876 127 735 9281 ];
step{7} = [143 138 434 132 138 224 225 126 223 223 280 218 123 218 231 226 231 218 273 131 124 149 132 277 123 151 229 123 120 126 123 104 133 127 127 180 51 53 142 102 125 118 116 125 55 52 103 103 119 55 173 128 97 129 99 95 111 102 105 51 97 52 50 79 104 107 95 57 61 101 63 134 87 59 79 151 59 59 109 55 51 114 122 94 52 93 118 99 150 72 117 95 70 120 143 96 207 100 103 56 100 95 139 111 164 160 174 150 104 287 144 283 98 569 872 110 121 101 5693 2535 433 548 207 380 322 571 1301 285 380 653 349 385 242 88 106 206 84 157 159 61 90 210 103 125 125 226 1029 70 285 340 309 264 303 340 5446 292 1063 459 479 8460 9670 76 76 116 101 69 1176 716 60 58 77 55 69 57 52 64 109 94 64 62 78 53 93 64 495 558 8646 294 703 220 43 55 47 119 64 52 102 618 7371 3798 332 46 3020 639 573 945 2659 480 53 54 57 3046 84 1308 225 278 2935 160 757 2442 2018 1082 9486 ];
step{8} = [130 178 466 123 99 254 105 141 123 50 179 133 154 100 217 95 124 180 147 133 217 124 152 117 128 118 217 220 310 222 275 272 227 260 209 291 158 168 120 223 91 138 194 152 128 190 151 295 118 178 69 139 258 177 116 89 108 51 89 43 49 35 92 47 35 37 37 38 40 30 98 39 40 92 36 98 92 93 33 46 37 91 39 35 33 35 46 95 52 97 41 98 95 96 39 37 90 44 40 35 37 40 96 40 41 39 34 43 55 35 37 36 38 38 37 33 96 39 93 46 39 108 39 92 39 37 41 49 34 106 91 93 33 42 33 46 91 38 35 36 102 97 43 66 109 36 33 34 43 41 97 40 44 101 98 97 42 95 73 49 40 40 41 116 37 54 100 55 50 42 46 121 111 71 144 140 96 74 122 31 142 75 269 170 239 200 470 101 188 569 93 105 112 134 266 183 1408 132 256 514 403 302 1417 217 1021 760 336 267 284 806 263 3744 4723 489 4545 8775 ];
step{9} = [112 118 129 220 225 137 223 148 249 220 345 224 137 134 226 175 129 245 499 89 222 248 224 219 216 2002 124 160 107 318 145 734 152 267 249 322 606 75 607 158 243 1113 151 266 157 162 117 238 130 236 131 554 336 197 302 89 235 529 148 236 128 284 501 461 1369 158 1468 289 130 142 2337 379 748 351 57 103 91 65 48 100 83 43 78 116 538 2457 9814 ];
step{10} = [149 133 231 255 247 801 213 220 221 219 279 237 231 280 223 133 68 534 223 225 572 214 567 108 227 125 142 184 150 163 294 129 259 138 219 470 151 155 228 55 209 121 238 113 118 125 251 326 127 156 138 153 324 177 103 168 149 303 123 76 252 145 168 483 109 251 427 134 231 137 332 131 238 298 266 131 283 353 109 119 100 185 207 130 389 97 196 264 142 197 199 481 201 172 225 192 165 2568 236 165 282 260 226 115 51 115 250 117 238 224 136 138 243 91 146 148 645 241 140 225 214 144 266 231 140 237 142 234 223 150 250 154 147 119 155 251 272 485 155 328 218 879 267 173 719 340 110 170 158 116 197 160 444 650 130 403 197 118 561 79 168 361 634 151 333 112 278 307 83 159 269 100 174 95 356 276 250 157 335 293 269 258 593 292 650 1156 1901 302 118 104 96 100 113 103 108 322 112 126 154 885 227 642 1432 373 13104 917 929 967 964 914 9434 112 1260 1080 58 812 123 1252 310 515 251 312 199 300 40 1014 393 458 190 502 162 114 211 100 113 109 99 105 114 121 125 121 123 115 125 139 132 180 135 165 118 95 124 139 130 153 183 249 157 401 128 127 172 118 143 141 136 127 125 160 80 108 238 156 169 124 134 133 114 120 46 185 52 39 204 54 118 49 47 151 130 56 74 51 46 53 52 57 51 51 53 50 48 51 57 62 63 51 104 56 102 64 60 61 61 54 318 109 70 66 104 65 62 50 60 65 108 77 66 55 58 60 64 62 55 65 63 196 76 104 62 59 112 134 54 54 133 365 71 103 66 76 79 71 158 72 77 72 156 75 77 78 177 264 67 72 148 90 73 158 72 73 75 280 73 540 73 249 342 158 76 158 78 76 71 98 76 77 78 80 83 76 81 155 77 94 77 84 150 360 163 168 80 375 96 287 88 174 82 82 84 79 166 280 87 82 85 79 82 93 150 159 108 162 165 82 226 76 224 89 89 83 72 268 152 84 216 75 180 243 317 94 87 132 182 92 242 93 383 781 207 9796 217 793 204 206 351 191 228 169 172 165 162 193 163 194 175 165 175 188 252 243 190 191 374 213 219 505 594 278 289 212 272 895 211 190 719 253 282 225 319 1627 2139 7696 2702 4881 1514 357 577 979 107 121 1726 903 2333 861 604 318 556 120 406 978 105 178 456 9283 ];
step{11} = [151 96 214 556 443 218 219 225 124 243 129 234 161 140 226 127 246 143 145 222 224 132 119 140 150 128 180 103 270 139 128 193 143 234 119 181 136 126 110 117 203 95 136 143 109 178 127 201 150 122 219 226 228 126 204 129 136 63 148 133 245 150 136 103 125 248 320 119 115 60 111 113 111 117 115 53 126 119 116 111 115 120 113 116 113 114 172 196 70 242 254 1626 293 984 929 1256 196 285 860 333 577 390 538 188 254 245 1407 1032 596 491 467 330 294 153 946 330 714 293 131 304 389 754 878 330 134 317 536 138 169 115 363 992 280 920 924 344 7981 ];
