goalReached = [1 1 1 1 1 1 1 1 1 0 ];
episodeCount = [126 212 146 95 142 104 223 216 87 497 ];
totalTime = [3469.87 3848.77 3736.66 4470.87 4622.45 4084.65 13014.02 5792.55 4458.57 20441.69 ];
subtimes{1} = [10.0 7.0 15.0 15.0 7.0 6.0 16.0 9.0 8.0 9.0 7.0 8.0 11.0 10.0 11.0 9.0 9.0 8.0 11.0 9.0 9.0 15.0 9.0 5.0 9.0 17.0 11.0 17.0 7.0 15.0 18.0 9.0 17.0 9.0 9.0 7.0 11.0 4.0 10.0 11.0 6.0 10.0 10.0 16.0 13.0 12.0 17.0 4.0 6.0 10.0 7.0 12.0 13.0 9.0 11.0 14.0 13.0 12.0 11.0 9.0 10.0 12.0 22.0 12.0 9.0 18.0 19.0 17.0 16.0 14.0 19.0 12.0 14.0 13.0 10.0 23.0 16.0 12.0 18.0 13.0 8.0 12.0 19.0 9.0 43.0 19.0 52.0 13.0 15.0 49.0 39.0 10.0 20.0 25.0 19.0 58.0 9.0 21.0 22.0 33.0 20.0 13.0 21.0 18.0 83.0 11.0 10.0 40.0 22.0 18.0 18.0 17.0 4.0 40.0 22.0 38.0 35.0 40.0 9.0 82.0 194.0 73.0 71.0 76.0 378.0 685.0 ];
subtimes{2} = [11.0 11.0 43.0 11.0 16.0 12.0 22.0 15.0 12.0 6.0 19.0 11.0 20.0 11.0 11.0 19.0 17.0 22.0 17.0 9.0 5.0 20.0 20.0 35.0 21.0 19.0 20.0 50.0 9.0 18.0 25.0 22.0 16.0 16.0 22.0 30.0 12.0 7.0 10.0 23.0 20.0 24.0 24.0 11.0 25.0 7.0 11.0 5.0 6.0 5.0 4.0 9.0 5.0 5.0 8.0 5.0 20.0 17.0 10.0 7.0 10.0 10.0 15.0 13.0 22.0 9.0 13.0 12.0 8.0 11.0 6.0 4.0 13.0 11.0 11.0 7.0 11.0 8.0 6.0 11.0 9.0 13.0 9.0 9.0 13.0 12.0 9.0 14.0 9.0 9.0 12.0 10.0 8.0 11.0 3.0 5.0 9.0 2.0 3.0 6.0 3.0 3.0 9.0 5.0 7.0 10.0 4.0 5.0 10.0 8.0 4.0 5.0 8.0 3.0 6.0 7.0 2.0 5.0 8.0 4.0 4.0 5.0 2.0 5.0 9.0 3.0 6.0 4.0 2.0 6.0 2.0 3.0 5.0 2.0 3.0 8.0 3.0 3.0 5.0 3.0 6.0 9.0 4.0 3.0 9.0 9.0 3.0 9.0 6.0 3.0 4.0 4.0 2.0 5.0 2.0 8.0 6.0 3.0 3.0 7.0 4.0 5.0 6.0 24.0 21.0 7.0 8.0 16.0 8.0 6.0 3.0 11.0 19.0 9.0 22.0 16.0 14.0 9.0 17.0 36.0 19.0 17.0 17.0 17.0 21.0 45.0 35.0 12.0 15.0 17.0 18.0 54.0 53.0 15.0 16.0 28.0 17.0 51.0 30.0 20.0 45.0 48.0 60.0 29.0 32.0 17.0 23.0 19.0 31.0 6.0 99.0 1032.0 ];
subtimes{3} = [16.0 10.0 19.0 19.0 9.0 12.0 14.0 11.0 10.0 13.0 4.0 9.0 12.0 4.0 6.0 8.0 9.0 5.0 9.0 4.0 12.0 10.0 5.0 7.0 11.0 21.0 4.0 12.0 8.0 9.0 9.0 5.0 4.0 23.0 12.0 10.0 24.0 18.0 26.0 27.0 22.0 19.0 14.0 12.0 9.0 25.0 19.0 14.0 11.0 22.0 28.0 20.0 34.0 18.0 6.0 5.0 14.0 22.0 4.0 5.0 14.0 24.0 17.0 24.0 9.0 9.0 60.0 9.0 12.0 32.0 29.0 12.0 19.0 5.0 27.0 20.0 6.0 4.0 7.0 4.0 9.0 11.0 5.0 6.0 5.0 10.0 5.0 7.0 9.0 10.0 7.0 5.0 5.0 6.0 9.0 3.0 7.0 4.0 4.0 6.0 4.0 3.0 11.0 3.0 4.0 5.0 4.0 4.0 6.0 4.0 5.0 7.0 4.0 5.0 8.0 6.0 5.0 8.0 5.0 6.0 14.0 6.0 10.0 7.0 6.0 7.0 16.0 65.0 34.0 135.0 192.0 9.0 16.0 13.0 48.0 84.0 310.0 72.0 68.0 14.0 70.0 69.0 173.0 67.0 11.0 855.0 ];
subtimes{4} = [24.0 9.0 18.0 26.0 22.0 17.0 22.0 7.0 125.0 39.0 67.0 53.0 14.0 46.0 20.0 13.0 86.0 43.0 17.0 11.0 12.0 14.0 9.0 10.0 14.0 9.0 10.0 26.0 6.0 20.0 16.0 13.0 10.0 12.0 10.0 13.0 12.0 23.0 19.0 27.0 20.0 6.0 22.0 7.0 20.0 21.0 10.0 11.0 19.0 14.0 11.0 25.0 9.0 9.0 13.0 11.0 22.0 25.0 84.0 30.0 74.0 7.0 9.0 170.0 83.0 5.0 24.0 6.0 37.0 26.0 85.0 6.0 9.0 14.0 4.0 19.0 12.0 18.0 15.0 4.0 44.0 15.0 4.0 15.0 173.0 17.0 78.0 146.0 8.0 161.0 554.0 44.0 186.0 31.0 1012.0 ];
subtimes{5} = [16.0 11.0 11.0 20.0 23.0 11.0 11.0 12.0 20.0 26.0 18.0 18.0 20.0 16.0 12.0 6.0 11.0 16.0 11.0 12.0 12.0 17.0 5.0 14.0 12.0 16.0 23.0 13.0 12.0 8.0 10.0 9.0 12.0 11.0 9.0 13.0 11.0 6.0 9.0 13.0 10.0 9.0 12.0 14.0 15.0 23.0 11.0 14.0 13.0 10.0 10.0 14.0 14.0 31.0 50.0 14.0 25.0 14.0 17.0 18.0 18.0 10.0 10.0 15.0 12.0 21.0 16.0 14.0 22.0 17.0 15.0 13.0 15.0 8.0 9.0 31.0 12.0 10.0 22.0 10.0 12.0 14.0 14.0 7.0 14.0 9.0 22.0 14.0 16.0 8.0 12.0 9.0 14.0 12.0 6.0 12.0 11.0 5.0 8.0 11.0 7.0 10.0 12.0 11.0 52.0 20.0 16.0 23.0 18.0 49.0 26.0 54.0 19.0 22.0 24.0 16.0 26.0 55.0 24.0 16.0 119.0 27.0 419.0 75.0 36.0 358.0 372.0 16.0 15.0 8.0 63.0 31.0 9.0 9.0 6.0 19.0 6.0 12.0 14.0 31.0 187.0 890.0 ];
subtimes{6} = [21.0 12.0 13.0 42.0 13.0 29.0 12.0 14.0 14.0 52.0 39.0 24.0 15.0 56.0 18.0 23.0 27.0 111.0 14.0 22.0 44.0 16.0 20.0 22.0 25.0 13.0 49.0 34.0 28.0 26.0 55.0 27.0 57.0 16.0 30.0 21.0 11.0 13.0 11.0 10.0 7.0 18.0 33.0 10.0 9.0 24.0 5.0 26.0 12.0 5.0 16.0 16.0 18.0 16.0 18.0 12.0 8.0 11.0 10.0 8.0 24.0 12.0 35.0 91.0 13.0 49.0 13.0 10.0 19.0 31.0 20.0 86.0 33.0 26.0 88.0 47.0 52.0 42.0 24.0 69.0 54.0 82.0 36.0 31.0 36.0 43.0 65.0 14.0 21.0 22.0 29.0 152.0 29.0 30.0 20.0 9.0 14.0 36.0 23.0 26.0 86.0 13.0 75.0 969.0 ];
subtimes{7} = [22.0 13.0 41.0 15.0 13.0 22.0 25.0 11.0 22.0 24.0 26.0 22.0 14.0 21.0 22.0 24.0 22.0 22.0 30.0 13.0 12.0 17.0 13.0 26.0 13.0 13.0 22.0 15.0 11.0 12.0 13.0 10.0 13.0 14.0 13.0 16.0 7.0 5.0 14.0 13.0 11.0 11.0 14.0 11.0 6.0 7.0 9.0 11.0 13.0 4.0 15.0 13.0 11.0 12.0 12.0 9.0 10.0 11.0 9.0 5.0 12.0 5.0 4.0 10.0 10.0 9.0 14.0 6.0 6.0 11.0 7.0 13.0 10.0 5.0 7.0 17.0 5.0 5.0 12.0 5.0 5.0 13.0 11.0 9.0 7.0 9.0 12.0 13.0 14.0 6.0 14.0 10.0 6.0 13.0 16.0 11.0 23.0 10.0 10.0 7.0 10.0 10.0 16.0 10.0 15.0 18.0 17.0 15.0 13.0 29.0 15.0 31.0 10.0 53.0 87.0 10.0 12.0 11.0 547.0 251.0 45.0 55.0 21.0 40.0 32.0 54.0 131.0 32.0 36.0 68.0 37.0 39.0 29.0 9.0 12.0 24.0 10.0 17.0 19.0 6.0 9.0 23.0 10.0 14.0 15.0 23.0 103.0 9.0 29.0 32.0 34.0 28.0 31.0 35.0 549.0 30.0 111.0 50.0 51.0 875.0 1016.0 8.0 12.0 12.0 11.0 9.0 123.0 78.0 10.0 6.0 9.0 9.0 7.0 6.0 8.0 7.0 11.0 11.0 7.0 8.0 10.0 6.0 10.0 9.0 52.0 59.0 925.0 31.0 76.0 27.0 5.0 6.0 7.0 12.0 7.0 9.0 11.0 68.0 822.0 420.0 38.0 7.0 340.0 72.0 65.0 108.0 305.0 58.0 6.0 6.0 9.0 354.0 9.0 154.0 25.0 32.0 334.0 18.0 87.0 287.0 242.0 126.0 1133.0 ];
subtimes{8} = [24.0 20.0 48.0 14.0 10.0 26.0 14.0 13.0 13.0 8.0 19.0 14.0 19.0 10.0 23.0 12.0 12.0 19.0 18.0 14.0 23.0 16.0 17.0 13.0 16.0 13.0 22.0 25.0 32.0 24.0 30.0 27.0 24.0 31.0 23.0 31.0 20.0 18.0 12.0 26.0 10.0 14.0 23.0 17.0 14.0 22.0 18.0 29.0 15.0 19.0 7.0 18.0 28.0 18.0 15.0 10.0 14.0 8.0 9.0 5.0 7.0 4.0 9.0 7.0 5.0 4.0 7.0 5.0 4.0 5.0 11.0 4.0 6.0 9.0 5.0 13.0 9.0 11.0 6.0 5.0 4.0 13.0 4.0 4.0 6.0 4.0 5.0 14.0 6.0 11.0 6.0 12.0 9.0 12.0 5.0 4.0 12.0 4.0 4.0 6.0 4.0 4.0 12.0 4.0 4.0 7.0 5.0 4.0 8.0 4.0 5.0 6.0 4.0 4.0 6.0 4.0 10.0 6.0 12.0 5.0 6.0 11.0 4.0 12.0 5.0 4.0 7.0 6.0 4.0 13.0 9.0 10.0 6.0 5.0 3.0 7.0 10.0 4.0 6.0 4.0 10.0 12.0 6.0 8.0 13.0 4.0 4.0 6.0 5.0 4.0 12.0 4.0 6.0 13.0 11.0 10.0 7.0 11.0 8.0 7.0 4.0 4.0 7.0 13.0 4.0 8.0 10.0 7.0 7.0 5.0 5.0 16.0 12.0 8.0 21.0 14.0 12.0 10.0 13.0 3.0 17.0 8.0 30.0 19.0 28.0 22.0 53.0 10.0 21.0 66.0 9.0 12.0 14.0 14.0 28.0 21.0 155.0 13.0 30.0 55.0 42.0 35.0 153.0 23.0 120.0 82.0 36.0 31.0 33.0 88.0 31.0 414.0 522.0 57.0 515.0 990.0 ];
subtimes{9} = [25.0 13.0 14.0 24.0 24.0 15.0 27.0 17.0 26.0 26.0 37.0 24.0 18.0 14.0 24.0 23.0 14.0 27.0 56.0 9.0 27.0 28.0 24.0 24.0 26.0 223.0 14.0 21.0 13.0 34.0 18.0 82.0 17.0 32.0 27.0 34.0 70.0 9.0 67.0 20.0 24.0 123.0 20.0 29.0 17.0 20.0 13.0 26.0 16.0 24.0 14.0 63.0 39.0 23.0 37.0 11.0 27.0 60.0 17.0 26.0 16.0 35.0 57.0 55.0 148.0 18.0 169.0 34.0 14.0 17.0 261.0 41.0 86.0 39.0 6.0 14.0 11.0 8.0 9.0 12.0 10.0 7.0 8.0 13.0 62.0 282.0 1127.0 ];
