goalReached = [1 1 1 1 1 1 1 1 0 1 1 1 1 1 1 1 1 1 1 1 1 1 1 0 1 1 0 ];
episodeCount = [90 237 127 361 96 134 250 65 2000 212 125 262 232 103 315 77 74 153 106 40 443 142 96 2000 95 100 24 ];
totalTime = [3323.23 4818.73 4263.04 13147.56 3475.49 3404.02 17525.26 3343.96 21114.48 10855.0 4145.47 7491.45 5533.96 5161.83 8323.37 4358.72 5837.35 5447.28 8000.2 3860.02 28403.92 10555.3 4324.39 32667.02 9478.18 5974.03 2329.84 ];
subtimes{1} = [9.0 9.0 9.0 18.0 16.0 9.0 18.0 9.0 10.0 11.0 8.0 16.0 10.0 14.0 7.0 27.0 19.0 17.0 35.0 17.0 11.0 9.0 13.0 16.0 12.0 16.0 16.0 11.0 18.0 17.0 25.0 16.0 10.0 46.0 20.0 22.0 59.0 16.0 11.0 21.0 17.0 10.0 20.0 61.0 41.0 48.0 10.0 11.0 20.0 18.0 9.0 53.0 15.0 23.0 14.0 40.0 19.0 21.0 18.0 19.0 15.0 18.0 11.0 29.0 19.0 25.0 17.0 149.0 22.0 21.0 18.0 26.0 22.0 12.0 26.0 22.0 24.0 68.0 18.0 16.0 20.0 22.0 29.0 117.0 87.0 25.0 112.0 174.0 78.0 920.0 ];
subtimes{2} = [12.0 10.0 33.0 19.0 17.0 11.0 62.0 21.0 8.0 12.0 12.0 17.0 13.0 10.0 7.0 26.0 10.0 12.0 9.0 12.0 16.0 14.0 11.0 8.0 12.0 10.0 8.0 13.0 9.0 10.0 10.0 9.0 9.0 9.0 9.0 14.0 11.0 16.0 10.0 9.0 21.0 17.0 14.0 9.0 12.0 23.0 8.0 10.0 11.0 11.0 13.0 15.0 9.0 5.0 7.0 11.0 10.0 10.0 7.0 10.0 13.0 10.0 10.0 19.0 9.0 5.0 6.0 9.0 8.0 12.0 4.0 13.0 13.0 6.0 7.0 13.0 4.0 12.0 6.0 6.0 7.0 11.0 9.0 8.0 7.0 5.0 10.0 11.0 6.0 9.0 8.0 11.0 13.0 19.0 17.0 12.0 12.0 9.0 10.0 11.0 13.0 9.0 9.0 18.0 23.0 6.0 3.0 3.0 8.0 3.0 2.0 5.0 5.0 5.0 6.0 3.0 4.0 6.0 4.0 3.0 5.0 4.0 3.0 6.0 3.0 6.0 5.0 3.0 5.0 5.0 2.0 4.0 6.0 10.0 15.0 22.0 10.0 15.0 53.0 44.0 17.0 57.0 33.0 43.0 67.0 15.0 18.0 38.0 19.0 15.0 20.0 17.0 22.0 15.0 43.0 7.0 24.0 48.0 10.0 31.0 37.0 14.0 18.0 32.0 17.0 12.0 7.0 7.0 17.0 13.0 7.0 16.0 13.0 5.0 16.0 15.0 7.0 12.0 14.0 3.0 8.0 15.0 4.0 24.0 34.0 16.0 7.0 5.0 5.0 15.0 14.0 13.0 18.0 3.0 15.0 51.0 21.0 6.0 5.0 16.0 16.0 5.0 5.0 12.0 36.0 71.0 26.0 20.0 2.0 16.0 24.0 13.0 13.0 21.0 49.0 4.0 10.0 9.0 48.0 598.0 40.0 71.0 36.0 17.0 18.0 17.0 15.0 15.0 18.0 16.0 15.0 20.0 55.0 34.0 59.0 18.0 685.0 ];
subtimes{3} = [14.0 17.0 9.0 21.0 17.0 22.0 29.0 35.0 10.0 29.0 31.0 18.0 28.0 7.0 25.0 20.0 14.0 18.0 12.0 19.0 19.0 48.0 21.0 16.0 20.0 36.0 10.0 20.0 19.0 10.0 18.0 22.0 17.0 11.0 7.0 10.0 10.0 19.0 24.0 20.0 12.0 8.0 11.0 7.0 12.0 19.0 10.0 20.0 30.0 15.0 9.0 12.0 18.0 12.0 15.0 16.0 10.0 16.0 13.0 11.0 10.0 19.0 499.0 9.0 82.0 103.0 276.0 334.0 154.0 68.0 130.0 9.0 11.0 7.0 25.0 6.0 4.0 23.0 20.0 9.0 23.0 9.0 24.0 8.0 11.0 7.0 6.0 11.0 21.0 8.0 12.0 7.0 9.0 6.0 7.0 3.0 18.0 6.0 6.0 24.0 4.0 8.0 10.0 8.0 6.0 7.0 7.0 13.0 9.0 5.0 8.0 7.0 6.0 7.0 9.0 12.0 6.0 15.0 7.0 26.0 7.0 25.0 130.0 22.0 29.0 61.0 734.0 ];
subtimes{4} = [17.0 7.0 10.0 19.0 8.0 18.0 18.0 20.0 14.0 22.0 47.0 17.0 14.0 18.0 11.0 21.0 11.0 20.0 13.0 10.0 9.0 12.0 9.0 10.0 11.0 18.0 10.0 9.0 7.0 15.0 14.0 9.0 16.0 14.0 10.0 9.0 11.0 12.0 16.0 13.0 11.0 17.0 15.0 10.0 16.0 11.0 7.0 4.0 11.0 11.0 9.0 11.0 8.0 7.0 7.0 10.0 7.0 8.0 9.0 5.0 12.0 7.0 5.0 9.0 7.0 7.0 12.0 6.0 10.0 8.0 6.0 10.0 22.0 18.0 23.0 16.0 25.0 6.0 20.0 11.0 29.0 27.0 42.0 9.0 17.0 10.0 20.0 20.0 11.0 13.0 22.0 13.0 11.0 10.0 17.0 23.0 23.0 19.0 7.0 9.0 10.0 9.0 12.0 9.0 10.0 21.0 11.0 13.0 13.0 21.0 11.0 53.0 21.0 11.0 23.0 48.0 18.0 13.0 22.0 11.0 48.0 23.0 19.0 12.0 11.0 14.0 24.0 23.0 22.0 84.0 22.0 44.0 47.0 44.0 12.0 27.0 25.0 10.0 26.0 23.0 23.0 24.0 37.0 64.0 13.0 122.0 10.0 25.0 48.0 10.0 44.0 40.0 9.0 43.0 26.0 12.0 45.0 10.0 6.0 22.0 10.0 6.0 9.0 252.0 394.0 159.0 25.0 28.0 144.0 108.0 18.0 180.0 6.0 7.0 20.0 9.0 7.0 11.0 8.0 1013.0 469.0 566.0 195.0 75.0 98.0 58.0 45.0 45.0 38.0 97.0 9.0 6.0 9.0 7.0 6.0 9.0 6.0 6.0 10.0 6.0 6.0 9.0 6.0 9.0 8.0 6.0 7.0 9.0 6.0 7.0 9.0 8.0 6.0 9.0 7.0 7.0 102.0 6.0 6.0 10.0 6.0 8.0 9.0 6.0 8.0 8.0 6.0 8.0 8.0 6.0 8.0 8.0 7.0 6.0 8.0 7.0 6.0 8.0 8.0 6.0 8.0 378.0 7.0 8.0 6.0 7.0 8.0 6.0 8.0 9.0 6.0 8.0 8.0 6.0 7.0 8.0 6.0 7.0 8.0 6.0 7.0 95.0 12.0 13.0 10.0 6.0 23.0 8.0 19.0 6.0 22.0 30.0 7.0 7.0 36.0 6.0 9.0 70.0 7.0 31.0 7.0 59.0 6.0 15.0 5.0 6.0 4.0 40.0 6.0 16.0 121.0 68.0 4.0 6.0 7.0 53.0 5.0 35.0 37.0 156.0 46.0 7.0 9.0 10.0 7.0 10.0 15.0 8.0 8.0 11.0 33.0 9.0 11.0 10.0 8.0 137.0 45.0 10.0 11.0 91.0 42.0 63.0 10.0 9.0 43.0 31.0 10.0 98.0 8.0 39.0 86.0 145.0 139.0 71.0 111.0 61.0 27.0 236.0 87.0 60.0 13.0 9.0 92.0 108.0 18.0 15.0 12.0 14.0 108.0 70.0 218.0 58.0 7.0 10.0 99.0 112.0 126.0 41.0 55.0 36.0 991.0 ];
subtimes{5} = [21.0 17.0 12.0 43.0 18.0 20.0 24.0 24.0 21.0 22.0 20.0 33.0 15.0 62.0 28.0 9.0 33.0 12.0 14.0 45.0 15.0 11.0 13.0 27.0 12.0 56.0 11.0 24.0 33.0 4.0 20.0 12.0 11.0 27.0 11.0 22.0 12.0 14.0 14.0 9.0 6.0 19.0 13.0 12.0 26.0 15.0 11.0 19.0 11.0 11.0 7.0 13.0 12.0 14.0 15.0 10.0 15.0 16.0 12.0 15.0 15.0 10.0 14.0 13.0 24.0 11.0 12.0 26.0 12.0 16.0 12.0 11.0 19.0 14.0 43.0 18.0 13.0 17.0 25.0 23.0 25.0 24.0 44.0 25.0 186.0 28.0 90.0 89.0 61.0 96.0 19.0 75.0 75.0 34.0 247.0 882.0 ];
subtimes{6} = [18.0 15.0 45.0 14.0 20.0 21.0 23.0 22.0 21.0 24.0 31.0 25.0 25.0 23.0 12.0 22.0 12.0 12.0 16.0 19.0 26.0 22.0 21.0 14.0 22.0 10.0 20.0 20.0 21.0 13.0 14.0 21.0 18.0 22.0 12.0 12.0 14.0 16.0 24.0 23.0 18.0 19.0 14.0 12.0 9.0 10.0 6.0 11.0 19.0 11.0 16.0 16.0 12.0 11.0 13.0 6.0 18.0 17.0 13.0 7.0 13.0 12.0 24.0 15.0 13.0 10.0 14.0 5.0 11.0 12.0 10.0 7.0 17.0 5.0 15.0 13.0 12.0 6.0 12.0 10.0 12.0 12.0 16.0 6.0 14.0 9.0 21.0 23.0 9.0 10.0 12.0 10.0 11.0 11.0 17.0 14.0 16.0 14.0 10.0 16.0 7.0 11.0 14.0 26.0 11.0 24.0 39.0 20.0 31.0 11.0 19.0 10.0 20.0 14.0 23.0 20.0 29.0 12.0 28.0 28.0 34.0 17.0 37.0 8.0 94.0 55.0 16.0 13.0 92.0 56.0 60.0 141.0 93.0 740.0 ];
subtimes{7} = [16.0 15.0 12.0 22.0 21.0 12.0 31.0 41.0 32.0 25.0 24.0 44.0 56.0 22.0 23.0 30.0 31.0 21.0 33.0 28.0 13.0 28.0 35.0 23.0 53.0 6.0 23.0 23.0 22.0 11.0 15.0 10.0 14.0 8.0 12.0 6.0 26.0 15.0 13.0 18.0 9.0 15.0 15.0 6.0 11.0 13.0 24.0 12.0 7.0 13.0 11.0 9.0 8.0 12.0 22.0 5.0 11.0 9.0 25.0 12.0 16.0 7.0 12.0 10.0 15.0 13.0 13.0 6.0 7.0 12.0 8.0 4.0 11.0 12.0 8.0 10.0 11.0 9.0 13.0 9.0 10.0 13.0 7.0 16.0 5.0 5.0 8.0 14.0 8.0 5.0 14.0 11.0 14.0 27.0 8.0 22.0 15.0 14.0 6.0 24.0 10.0 11.0 12.0 6.0 8.0 16.0 14.0 10.0 12.0 5.0 33.0 14.0 15.0 14.0 30.0 14.0 24.0 25.0 21.0 6.0 6.0 23.0 23.0 25.0 84.0 23.0 66.0 60.0 22.0 7.0 8.0 202.0 47.0 207.0 740.0 103.0 34.0 247.0 173.0 75.0 42.0 592.0 953.0 26.0 106.0 43.0 313.0 25.0 24.0 32.0 33.0 330.0 89.0 76.0 146.0 85.0 22.0 133.0 98.0 405.0 1310.0 178.0 48.0 31.0 32.0 177.0 135.0 77.0 42.0 35.0 50.0 85.0 14.0 13.0 16.0 3048.0 9.0 9.0 11.0 13.0 17.0 9.0 8.0 11.0 5.0 5.0 9.0 7.0 8.0 8.0 9.0 6.0 7.0 8.0 13.0 88.0 118.0 8.0 132.0 39.0 27.0 219.0 71.0 10.0 8.0 13.0 33.0 48.0 3.0 4.0 8.0 15.0 11.0 8.0 6.0 6.0 8.0 5.0 17.0 9.0 5.0 5.0 48.0 3.0 13.0 8.0 10.0 11.0 28.0 422.0 150.0 22.0 19.0 103.0 31.0 6.0 8.0 36.0 37.0 14.0 11.0 39.0 18.0 55.0 9.0 117.0 45.0 92.0 638.0 1475.0 ];
subtimes{8} = [25.0 15.0 23.0 23.0 23.0 18.0 26.0 27.0 17.0 27.0 26.0 23.0 26.0 15.0 14.0 18.0 16.0 65.0 26.0 13.0 13.0 27.0 31.0 48.0 27.0 69.0 40.0 16.0 25.0 72.0 22.0 53.0 26.0 65.0 10.0 54.0 40.0 56.0 15.0 107.0 16.0 25.0 30.0 26.0 30.0 25.0 72.0 69.0 131.0 13.0 26.0 17.0 68.0 24.0 15.0 19.0 9.0 19.0 39.0 20.0 61.0 39.0 155.0 148.0 962.0 ];
