step{1} = [104 130 123 220 226 135 233 128 141 124 113 215 105 199 91 346 271 241 461 231 140 100 189 221 137 223 219 120 248 233 307 223 132 606 274 280 780 217 144 267 238 138 243 824 539 607 130 127 237 224 117 632 191 302 158 498 228 243 239 231 158 235 150 349 236 291 168 1900 264 241 231 317 243 137 351 262 276 848 195 194 239 250 336 1439 1041 307 1373 2138 960 11297 ];
step{2} = [149 123 454 223 226 140 804 252 121 127 139 222 140 143 80 314 123 157 105 139 212 144 143 100 131 137 103 125 127 115 109 118 116 103 123 155 129 220 125 99 275 218 148 127 144 285 122 115 124 144 162 148 123 54 66 129 138 92 103 123 118 123 112 231 113 57 59 116 92 120 52 151 136 81 95 117 57 136 55 68 97 112 123 91 67 63 146 115 86 107 86 140 149 229 220 140 141 110 125 122 148 111 99 231 276 48 41 48 48 43 33 33 62 67 48 44 36 51 49 43 35 33 40 49 34 50 35 34 50 33 31 36 48 117 191 249 135 191 645 557 215 718 425 538 825 196 211 428 234 195 217 216 267 164 525 86 260 624 124 371 441 175 191 419 206 139 69 88 176 156 90 175 163 63 164 172 81 130 186 44 66 188 53 279 408 202 69 70 58 172 174 160 197 40 191 593 249 84 39 204 190 34 34 168 421 920 315 212 30 194 269 174 158 244 611 55 99 108 574 7727 504 885 431 196 203 194 186 184 190 206 181 211 654 440 723 208 8351 ];
step{3} = [125 231 109 252 219 291 376 440 143 343 389 227 316 99 308 220 181 226 123 248 243 576 248 194 223 468 111 219 240 126 208 282 220 111 99 114 106 218 299 212 131 105 96 98 143 215 107 243 350 189 116 113 234 138 160 202 135 170 146 122 109 235 6295 69 581 924 3408 4145 1874 807 1571 121 97 86 305 41 55 258 203 114 244 89 292 103 90 89 75 96 255 83 128 79 113 42 77 42 195 73 59 266 49 88 98 95 79 56 72 140 82 66 79 58 71 66 82 146 76 140 92 320 56 297 1534 236 324 742 8708 ];
step{4} = [149 96 118 216 106 226 180 222 191 214 589 215 152 210 143 219 138 244 124 114 111 117 125 117 105 221 129 61 88 190 146 125 199 137 116 123 97 126 209 150 115 199 135 126 190 83 93 56 103 135 120 106 99 74 58 100 97 68 99 69 94 87 62 72 85 61 125 69 136 64 80 117 248 216 275 166 310 76 220 129 354 306 484 120 179 120 243 221 123 156 231 154 139 79 210 296 226 230 95 79 127 85 130 98 110 216 136 149 129 254 125 608 267 114 264 573 201 121 266 112 558 262 214 129 120 166 267 263 269 972 265 519 523 530 143 299 305 114 277 267 267 260 440 737 123 1470 116 257 558 112 504 478 107 463 299 120 514 105 80 222 102 67 71 2954 4637 1780 259 336 1619 1255 210 2033 70 79 199 95 90 76 93 11427 5249 6294 2180 805 1060 630 467 471 408 1041 81 73 73 73 72 72 72 72 75 72 73 73 72 74 70 70 74 74 74 74 74 74 74 77 74 74 1107 70 70 73 73 73 72 73 73 71 71 71 68 68 68 68 68 68 68 68 67 67 67 67 67 4113 65 65 65 65 66 66 66 67 67 67 67 67 67 67 67 67 67 67 67 966 139 131 93 61 258 68 200 49 207 335 64 51 381 61 67 768 75 298 78 648 45 159 45 44 47 432 46 171 1262 695 45 53 50 562 51 344 399 1673 455 78 89 82 82 91 122 86 87 81 344 100 86 111 77 1404 478 101 98 939 446 629 101 92 422 319 85 990 83 405 865 1489 1428 716 1151 618 260 2398 897 579 124 95 880 1083 175 123 126 123 1059 699 2150 548 68 103 973 1098 1257 396 517 347 9745 ];
step{5} = [154 188 124 446 187 219 253 252 239 227 230 354 120 706 295 80 354 132 136 480 157 109 139 293 118 635 100 251 348 49 199 125 130 250 126 222 109 142 132 73 66 214 104 132 285 125 127 199 90 126 64 128 128 145 139 105 155 134 139 150 137 110 132 112 255 131 86 286 125 144 132 114 184 147 460 175 137 169 249 246 271 223 479 278 1977 297 967 918 658 1036 175 797 812 329 2650 9215 ];
step{6} = [135 167 490 133 223 223 216 247 220 245 339 275 216 248 129 219 143 124 142 209 267 215 222 131 208 89 225 196 222 124 132 232 183 220 126 128 138 167 253 220 183 204 129 120 101 73 68 110 170 124 162 132 130 121 103 66 189 146 154 68 125 122 257 123 122 109 124 59 115 108 94 68 163 58 158 107 132 56 116 96 138 101 165 68 120 99 219 216 86 110 86 112 112 103 177 141 128 146 113 136 79 107 138 276 123 219 402 208 315 111 202 87 211 147 221 210 289 111 283 306 320 183 386 69 987 544 133 136 937 564 634 1411 937 7512 ];
step{7} = [88 146 125 217 226 135 290 432 328 248 246 450 566 226 247 285 316 216 299 285 126 271 360 221 522 67 243 217 219 116 128 113 129 62 114 64 239 165 116 154 100 143 118 69 109 118 241 102 52 126 119 59 90 124 198 57 109 73 254 109 144 76 123 89 149 134 110 60 55 106 72 44 92 110 82 66 116 69 111 85 110 97 69 145 27 49 72 124 73 54 125 104 129 242 85 225 125 136 64 214 89 119 89 63 86 124 122 107 85 54 339 121 147 118 286 125 245 237 219 53 46 236 229 224 823 223 641 585 219 47 70 2001 454 2077 7416 1014 340 2459 1650 731 409 5761 9073 236 941 403 2986 225 213 291 299 3153 819 691 1380 818 184 1241 930 3783 12148 1623 423 277 272 1572 1190 676 344 308 450 727 135 114 121 26483 68 56 99 104 125 75 67 73 42 43 54 50 67 52 71 54 44 70 107 716 1014 71 1075 317 221 1822 594 64 52 110 273 376 25 31 47 125 92 44 49 49 48 37 144 51 41 43 373 27 102 48 85 87 217 3521 1243 160 151 863 234 55 51 288 299 121 62 332 148 433 66 968 359 762 5142 11777 ];
step{8} = [154 128 222 184 224 129 230 249 156 225 238 220 218 143 140 138 149 619 213 120 130 233 285 445 231 630 373 129 233 646 186 416 235 578 99 483 340 529 132 965 129 236 256 238 267 213 684 629 1197 127 240 128 632 215 113 170 88 149 349 168 546 361 1413 1326 8734 ];
