goalReached = [0 ];
episodeCount = [6 ];
totalTime = [29.94 ];
subtimes{1} = [5.0 4.0 2.0 6.0 3.0 ];
c_OpponentsRight_carToTheRight{1} = [0 0 0 0 0 ];
c_OpponentsRight_carCloseToTheRight{1} = [0 0 0 0 0 ];
c_OpponentsRight_rightFree{1} = [309 153 78 289 122 ];
c_OpponentsRight_carFarToTheRight{1} = [0 0 0 0 0 ];
c_OpponentsRight_start{1} = [0 0 0 0 0 ];
c_OpponentsRight_default{1} = [0 0 0 0 0 ];
c_OpponentsBehind_start{1} = [0 0 0 0 0 ];
c_OpponentsBehind_carCloseBehind{1} = [0 0 0 0 0 ];
c_OpponentsBehind_carBehind{1} = [0 0 0 0 0 ];
c_OpponentsBehind_carFarbehind{1} = [0 0 0 0 0 ];
c_OpponentsBehind_behindFree{1} = [309 153 78 289 122 ];
c_OpponentsBehind_default{1} = [0 0 0 0 0 ];
c_OpponentsLeft_carCloseToTheLeft{1} = [0 0 0 0 0 ];
c_OpponentsLeft_carToTheLeft{1} = [0 0 0 0 0 ];
c_OpponentsLeft_start{1} = [0 0 0 0 0 ];
c_OpponentsLeft_carFarToTheLeft{1} = [0 0 0 0 0 ];
c_OpponentsLeft_leftFree{1} = [309 153 78 289 122 ];
c_OpponentsLeft_default{1} = [0 0 0 0 0 ];
c_OpponentsAhead_start{1} = [0 0 0 0 0 ];
c_OpponentsAhead_carCloseAhead{1} = [0 0 0 0 0 ];
c_OpponentsAhead_carAhead{1} = [0 0 0 0 0 ];
c_OpponentsAhead_carFarAhead{1} = [0 0 0 0 0 ];
c_OpponentsAhead_frontFree{1} = [309 153 78 289 122 ];
c_OpponentsAhead_default{1} = [0 0 0 0 0 ];
c_TrackPos_leftOffRoad{1} = [5 27 16 124 0 ];
c_TrackPos_limitRoad{1} = [40 38 13 45 43 ];
c_TrackPos_centerRoad{1} = [84 44 25 76 45 ];
c_TrackPos_start{1} = [0 0 0 0 0 ];
c_TrackPos_rightOffRoad{1} = [180 44 24 44 34 ];
c_TrackPos_default{1} = [0 0 0 0 0 ];
c_Damage_damaged{1} = [5 4 2 5 0 ];
c_Damage_normal{1} = [304 149 76 284 122 ];
c_Damage_start{1} = [0 0 0 0 0 ];
c_Damage_default{1} = [0 0 0 0 0 ];
c_Speed_Stuck{1} = [138 0 2 99 0 ];
c_Speed_Turning{1} = [49 34 16 70 33 ];
c_Speed_GoingStraight{1} = [122 119 60 120 89 ];
c_Speed_start{1} = [0 0 0 0 0 ];
c_Speed_default{1} = [0 0 0 0 0 ];
step{1} = [309 153 78 289 122 ];
rewardsPerEpisode{1} = [-98234.1 -923.41 -529.37 -51821.97 154.78 ];
rewardsPerStep{1}{1} = [1.67 10.04 10.02 10.08 10.21 10.47 10.57 10.69 10.64 10.84 10.98 11.23 11.58 11.79 12.48 13.26 13.77 14.8 15.98 16.67 16.68 16.9 18.54 4.57 3.45 1.87 0.47 -11.57 -13.93 -16.87 -20.87 -25.7 -67.17 -26.96 -46.9 -56.99 -67.03 -77.03 -87.04 -97.04 -107.05 -117.06 -127.06 -137.06 -147.07 -157.07 -167.07 -177.08 -187.09 -197.09 -207.09 -217.1 -227.1 -237.11 -247.12 -257.13 -267.14 -277.15 -287.15 -297.16 -307.16 -317.17 -327.18 -337.18 -347.19 -357.2 -367.2 -377.21 -387.23 -397.24 -407.25 -417.25 -427.26 -437.27 -447.27 -457.28 -467.3 -477.32 -487.33 -497.32 -507.32 -517.33 -527.33 -537.33 -547.35 -557.36 -567.36 -577.38 -587.4 -597.42 -607.43 -617.44 -627.45 -637.46 -647.46 -657.46 -667.46 -677.46 -687.46 -697.46 -707.46 -717.46 -727.47 -737.48 -747.48 -757.48 -767.49 -777.52 -787.54 -797.55 -807.56 -817.57 -827.59 -837.6 -847.6 -857.6 -867.61 -877.62 -887.62 -897.65 -907.66 -917.66 -927.68 -937.69 -947.69 -957.69 -967.7 -977.71 -987.73 -997.73 -1007.75 -1017.77 -1027.8 -1037.85 -1047.86 -1057.86 -1067.89 -1077.91 -1087.89 -1097.88 -1107.89 -1117.93 -1128.0 -1138.03 -1148.01 -1158.01 -1168.0 -1178.0 -1188.01 -1198.06 -1208.16 -1218.22 -1228.24 -1238.22 -1248.21 -1258.19 -1268.18 -1278.21 -1288.19 -1298.2 -1308.26 -1318.28 -1328.27 -1338.39 -1348.36 -1358.32 -1368.32 -1378.32 -1388.3 -1398.19 -28.21 -28.27 -28.43 -28.34 -28.11 -27.6 -26.98 -26.29 -25.34 -24.25 -23.18 -21.8 -19.94 -17.97 -16.44 -15.46 -13.52 -11.09 0.42 1.55 2.4 3.55 4.93 17.63 14.69 13.12 12.66 12.47 12.46 11.56 10.8 10.27 10.71 10.65 10.18 11.18 12.9 13.74 14.19 13.06 11.03 10.48 11.13 10.57 11.72 14.83 16.54 17.05 18.21 18.94 19.94 19.91 4.39 3.29 2.95 3.59 4.9 18.15 16.6 14.03 10.17 14.52 17.79 19.87 3.44 1.38 -10.07 -11.3 -10.95 0.19 0.68 1.43 2.02 3.2 4.78 17.44 16.0 14.58 12.11 10.95 10.9 10.24 12.21 15.09 17.93 4.41 2.13 0.36 -11.38 -12.08 -11.57 0.07 1.39 2.8 4.82 14.91 11.13 15.39 18.66 4.95 19.42 17.66 16.66 16.06 13.82 12.08 11.87 13.27 16.23 4.73 2.42 1.58 1.73 1.35 0.48 -10.43 -10.08 1.26 3.79 15.36 12.64 4.65 0.64 -17.45 -59.94 -20.02 -19.93 -60.12 -21.19 -60.87 -20.94 -21.91 -22.17 -60.44 -20.06 -19.81 -19.44 -39.67 -49.0 ];
rewardsPerStep{1}{2} = [-49.0 10.04 10.03 10.05 10.07 10.0 10.13 10.44 10.54 10.77 11.36 11.78 11.95 12.34 13.2 14.54 15.9 17.46 19.32 4.55 3.54 2.57 1.79 1.31 0.85 0.28 -10.12 -10.69 -12.6 -15.24 -17.53 -20.56 -22.84 -24.83 -27.8 -67.4 -27.48 -27.85 -28.21 -28.41 -28.28 -28.07 -27.32 -25.73 -23.84 -22.79 -20.83 -17.67 -14.01 -11.6 -10.29 0.9 2.56 4.48 18.71 17.15 14.4 10.57 12.72 15.7 19.92 2.36 -10.64 -15.52 -19.47 -22.06 -22.52 -20.72 -17.67 -14.01 -11.34 0.02 0.33 0.29 0.82 1.9 2.67 3.63 19.81 16.8 13.11 10.86 10.52 12.01 14.49 17.54 3.92 0.97 -13.65 -18.14 -21.63 -62.16 -22.16 -22.3 -21.6 -21.1 -21.46 -21.95 -22.89 -22.97 -22.59 -21.97 -20.16 -17.33 -14.74 -11.89 0.28 1.96 4.29 17.01 12.31 10.9 12.33 12.41 12.87 14.01 14.41 16.08 18.97 4.08 3.41 3.58 4.16 4.28 4.46 3.83 2.48 1.67 1.18 0.12 -11.52 -12.24 -11.81 -10.42 0.22 0.66 0.91 -10.54 -14.7 -18.56 -21.76 -63.11 -22.16 -20.68 -20.55 -22.04 -62.71 -22.05 -21.19 -19.27 -16.47 -13.1 0.27 ];
rewardsPerStep{1}{3} = [0.27 10.05 10.04 10.02 10.07 10.2 10.48 10.58 10.58 10.77 10.75 10.9 11.03 11.55 12.57 13.38 13.76 14.41 15.79 17.36 18.99 4.69 3.8 2.63 1.85 1.05 -10.09 -11.58 -12.71 -14.42 -16.23 -17.31 -17.19 -15.73 -13.09 -10.55 0.44 1.32 1.65 0.95 -10.81 -14.39 -19.28 -64.0 -24.13 -24.31 -24.59 -24.72 -24.28 -23.12 -22.17 -20.16 -16.92 -12.57 1.13 2.99 4.8 16.19 11.39 14.27 19.98 2.52 -10.6 -16.91 -60.51 -20.78 -20.86 -20.7 -20.54 -20.49 -20.51 -20.37 -20.07 -19.8 -19.58 -19.44 -39.85 -49.24 ];
rewardsPerStep{1}{4} = [-49.24 10.07 10.05 10.09 10.14 10.04 10.2 10.32 10.59 11.03 11.47 11.9 12.65 13.43 14.38 15.48 16.32 17.17 17.85 17.72 17.06 16.18 14.7 12.74 11.68 11.05 10.49 11.23 12.98 15.56 17.3 18.34 19.37 19.26 18.71 19.73 3.97 2.56 0.76 -12.62 -16.2 -19.84 -23.55 -64.51 -24.49 -24.33 -24.0 -22.66 -20.43 -17.65 -15.23 -12.0 1.19 3.77 17.71 12.38 11.82 14.58 15.71 15.08 12.8 10.92 15.29 18.83 4.13 3.42 2.92 1.83 0.26 -12.19 -13.66 -13.94 -13.05 -10.94 1.23 3.65 16.77 10.13 17.7 2.05 -14.42 -79.44 -49.53 -59.72 -69.83 -79.85 -89.86 -99.87 -109.87 -119.88 -129.88 -139.89 -149.89 -159.9 -169.92 -179.94 -189.95 -199.96 -209.97 -219.98 -229.99 -239.99 -250.0 -260.01 -270.01 -280.02 -290.03 -300.05 -310.06 -320.07 -330.08 -340.09 -350.09 -360.11 -370.11 -380.11 -390.12 -400.13 -410.13 -420.14 -430.15 -440.16 -450.18 -460.21 -470.24 -480.27 -490.3 -500.32 -510.34 -520.37 -530.41 -540.43 -550.43 -560.44 -570.46 -580.48 -590.49 -600.5 -610.51 -620.53 -630.56 -640.61 -650.63 -660.63 -670.64 -680.66 -690.69 -700.71 -710.73 -720.75 -730.76 -740.77 -750.78 -760.79 -770.82 -780.85 -790.88 -800.9 -810.93 -821.0 -831.02 -841.03 -851.05 -861.09 -871.12 -881.19 -891.24 -901.34 -911.45 -921.57 -931.72 -941.76 -951.89 -962.06 -1011.86 -981.7 -991.65 -1001.82 -1011.92 -22.09 -22.36 -22.56 -22.75 -22.63 -22.1 -21.28 -19.92 -18.05 -16.06 -14.4 -13.28 -12.13 -11.75 -12.63 -14.25 -16.27 -18.29 -19.33 -19.46 -18.86 -17.8 -16.69 -14.6 -11.75 0.14 0.56 1.26 2.57 3.71 4.5 19.39 18.59 18.06 16.26 13.4 10.25 11.97 12.93 12.24 11.17 11.51 12.16 13.65 14.47 16.52 18.84 4.7 3.79 3.23 3.04 3.22 2.61 2.16 2.15 1.4 0.75 0.71 1.28 2.35 2.96 2.47 2.11 2.49 3.67 19.59 17.93 15.88 14.84 15.34 16.3 17.08 18.36 18.69 17.96 18.04 4.65 3.72 3.67 4.37 4.46 3.03 1.52 0.05 -12.8 -15.33 -17.28 -18.56 -19.15 -19.0 -18.52 -18.17 -17.65 -16.6 -15.52 -15.74 -16.78 -18.89 -21.55 -62.27 -22.57 -22.04 -21.36 -61.74 -20.43 -19.81 -19.5 -19.45 -19.6 -39.6 ];
