goalReached = [1 1 1 1 1 1 1 1 1 1 1 1 0 ];
episodeCount = [513 452 85 110 93 149 146 57 118 411 131 374 368 ];
totalTime = [23650.6 16405.15 4656.11 4374.28 3664.66 3531.97 5105.69 6103.42 7176.13 23635.16 3567.46 24180.74 20818.49 ];
subtimes{1} = [15.0 6.0 7.0 16.0 14.0 9.0 20.0 10.0 15.0 10.0 14.0 9.0 10.0 8.0 9.0 11.0 9.0 9.0 11.0 8.0 9.0 10.0 9.0 8.0 12.0 8.0 8.0 10.0 8.0 8.0 9.0 11.0 18.0 11.0 14.0 16.0 11.0 8.0 10.0 27.0 8.0 16.0 11.0 14.0 7.0 15.0 16.0 12.0 10.0 8.0 11.0 10.0 11.0 7.0 12.0 6.0 7.0 11.0 6.0 5.0 11.0 4.0 7.0 8.0 10.0 4.0 7.0 11.0 7.0 7.0 9.0 7.0 7.0 12.0 11.0 7.0 5.0 6.0 8.0 4.0 7.0 7.0 5.0 5.0 11.0 5.0 5.0 8.0 5.0 6.0 8.0 4.0 10.0 9.0 3.0 4.0 20.0 15.0 34.0 14.0 15.0 18.0 17.0 9.0 14.0 15.0 14.0 20.0 9.0 24.0 20.0 14.0 11.0 14.0 18.0 13.0 14.0 17.0 40.0 37.0 18.0 17.0 38.0 32.0 10.0 18.0 14.0 7.0 17.0 13.0 10.0 16.0 11.0 18.0 9.0 21.0 6.0 15.0 14.0 34.0 13.0 16.0 112.0 11.0 82.0 162.0 42.0 83.0 45.0 23.0 88.0 36.0 144.0 538.0 123.0 57.0 23.0 20.0 21.0 54.0 20.0 8.0 18.0 29.0 7.0 103.0 7.0 7.0 8.0 8.0 6.0 10.0 8.0 8.0 140.0 173.0 159.0 137.0 117.0 532.0 120.0 326.0 87.0 89.0 80.0 85.0 91.0 322.0 15.0 22.0 130.0 43.0 32.0 102.0 56.0 161.0 6.0 8.0 7.0 17.0 12.0 14.0 105.0 18.0 18.0 17.0 15.0 18.0 15.0 15.0 17.0 15.0 16.0 16.0 15.0 15.0 17.0 14.0 14.0 15.0 23.0 16.0 16.0 17.0 14.0 17.0 11.0 18.0 18.0 36.0 13.0 14.0 13.0 13.0 16.0 14.0 12.0 14.0 13.0 13.0 12.0 12.0 13.0 16.0 10.0 12.0 14.0 12.0 10.0 14.0 12.0 9.0 14.0 12.0 9.0 14.0 11.0 9.0 14.0 12.0 8.0 13.0 11.0 9.0 12.0 9.0 10.0 12.0 9.0 11.0 12.0 9.0 10.0 12.0 9.0 11.0 11.0 10.0 10.0 12.0 10.0 11.0 11.0 10.0 9.0 13.0 10.0 9.0 12.0 7.0 8.0 13.0 9.0 10.0 11.0 10.0 10.0 11.0 10.0 22.0 24.0 13.0 13.0 19.0 12.0 14.0 14.0 18.0 23.0 41.0 15.0 12.0 16.0 14.0 579.0 65.0 37.0 20.0 29.0 22.0 33.0 69.0 10.0 6.0 22.0 6.0 20.0 10.0 10.0 10.0 8.0 4.0 6.0 7.0 4.0 5.0 6.0 8.0 13.0 23.0 5.0 9.0 7.0 6.0 4.0 7.0 8.0 13.0 7.0 10.0 6.0 18.0 9.0 12.0 16.0 7.0 5.0 12.0 15.0 8.0 12.0 11.0 47.0 9.0 7.0 12.0 16.0 9.0 22.0 29.0 18.0 18.0 15.0 15.0 40.0 53.0 42.0 51.0 119.0 5.0 58.0 10.0 7.0 17.0 11.0 18.0 16.0 9.0 9.0 157.0 13.0 11.0 18.0 16.0 56.0 147.0 55.0 1048.0 34.0 46.0 53.0 19.0 54.0 422.0 80.0 29.0 15.0 15.0 21.0 15.0 15.0 18.0 16.0 37.0 96.0 6.0 47.0 63.0 5.0 13.0 17.0 59.0 5.0 8.0 6.0 5.0 9.0 6.0 60.0 55.0 16.0 5.0 41.0 69.0 101.0 38.0 57.0 7.0 367.0 199.0 14.0 12.0 9.0 12.0 12.0 64.0 57.0 61.0 7.0 9.0 9.0 18.0 6.0 9.0 9.0 6.0 10.0 6.0 7.0 9.0 7.0 11.0 9.0 7.0 7.0 10.0 6.0 6.0 10.0 6.0 8.0 8.0 84.0 821.0 77.0 28.0 28.0 8.0 30.0 16.0 17.0 33.0 22.0 17.0 72.0 97.0 40.0 122.0 21.0 50.0 35.0 170.0 246.0 419.0 716.0 139.0 572.0 104.0 825.0 140.0 57.0 10.0 20.0 14.0 37.0 63.0 87.0 40.0 90.0 68.0 13.0 865.0 2889.0 ];
subtimes{2} = [13.0 8.0 19.0 21.0 22.0 19.0 22.0 10.0 18.0 16.0 18.0 13.0 9.0 18.0 9.0 7.0 12.0 9.0 12.0 11.0 20.0 7.0 10.0 9.0 12.0 5.0 11.0 11.0 10.0 4.0 14.0 4.0 11.0 10.0 11.0 9.0 11.0 10.0 9.0 18.0 8.0 4.0 11.0 9.0 4.0 15.0 15.0 10.0 7.0 12.0 9.0 11.0 8.0 14.0 11.0 9.0 16.0 6.0 10.0 6.0 12.0 6.0 9.0 10.0 5.0 8.0 11.0 7.0 4.0 11.0 11.0 8.0 11.0 8.0 10.0 10.0 9.0 7.0 10.0 8.0 8.0 11.0 9.0 9.0 10.0 8.0 4.0 11.0 9.0 7.0 11.0 7.0 8.0 6.0 9.0 10.0 10.0 8.0 7.0 13.0 10.0 7.0 7.0 6.0 8.0 11.0 8.0 8.0 10.0 9.0 8.0 7.0 9.0 7.0 11.0 10.0 8.0 6.0 10.0 7.0 11.0 8.0 8.0 10.0 9.0 5.0 11.0 8.0 9.0 10.0 9.0 8.0 14.0 7.0 10.0 11.0 9.0 12.0 10.0 10.0 8.0 11.0 9.0 10.0 11.0 9.0 13.0 12.0 11.0 10.0 11.0 12.0 16.0 35.0 19.0 10.0 15.0 8.0 10.0 13.0 9.0 14.0 31.0 23.0 564.0 570.0 89.0 50.0 45.0 86.0 35.0 19.0 41.0 117.0 122.0 77.0 572.0 52.0 27.0 22.0 9.0 39.0 42.0 14.0 244.0 24.0 110.0 213.0 12.0 26.0 77.0 14.0 23.0 13.0 15.0 37.0 12.0 14.0 17.0 13.0 11.0 15.0 13.0 11.0 16.0 184.0 221.0 530.0 314.0 5.0 8.0 5.0 5.0 8.0 7.0 4.0 7.0 6.0 5.0 6.0 17.0 4.0 9.0 20.0 5.0 10.0 6.0 5.0 7.0 5.0 5.0 9.0 4.0 8.0 10.0 4.0 7.0 11.0 6.0 5.0 10.0 6.0 6.0 8.0 5.0 5.0 9.0 6.0 6.0 9.0 5.0 4.0 54.0 5.0 4.0 10.0 4.0 6.0 50.0 5.0 216.0 80.0 73.0 214.0 18.0 363.0 54.0 12.0 23.0 24.0 32.0 20.0 11.0 7.0 16.0 16.0 12.0 5.0 3.0 15.0 5.0 3.0 16.0 11.0 11.0 7.0 10.0 12.0 15.0 16.0 15.0 9.0 4.0 5.0 13.0 15.0 15.0 6.0 5.0 4.0 6.0 3.0 12.0 7.0 5.0 4.0 7.0 12.0 15.0 6.0 5.0 14.0 8.0 5.0 4.0 12.0 5.0 5.0 9.0 5.0 5.0 6.0 5.0 8.0 14.0 7.0 10.0 504.0 16.0 119.0 77.0 11.0 96.0 92.0 111.0 294.0 7.0 106.0 57.0 98.0 43.0 97.0 9.0 55.0 31.0 28.0 42.0 29.0 71.0 27.0 15.0 27.0 8.0 25.0 28.0 27.0 108.0 29.0 25.0 24.0 87.0 25.0 29.0 28.0 27.0 86.0 21.0 27.0 34.0 25.0 13.0 105.0 41.0 29.0 89.0 22.0 59.0 11.0 89.0 36.0 11.0 14.0 11.0 13.0 15.0 11.0 14.0 22.0 12.0 10.0 15.0 11.0 11.0 54.0 28.0 25.0 11.0 11.0 13.0 13.0 11.0 13.0 57.0 22.0 15.0 11.0 60.0 36.0 21.0 15.0 52.0 19.0 13.0 7.0 17.0 72.0 59.0 123.0 137.0 44.0 43.0 23.0 51.0 46.0 36.0 23.0 44.0 80.0 33.0 35.0 25.0 15.0 5.0 26.0 29.0 17.0 18.0 108.0 14.0 40.0 44.0 94.0 167.0 58.0 291.0 18.0 66.0 616.0 243.0 40.0 93.0 1056.0 ];
subtimes{3} = [10.0 14.0 27.0 23.0 19.0 19.0 15.0 13.0 11.0 24.0 23.0 11.0 12.0 21.0 26.0 25.0 18.0 19.0 13.0 34.0 21.0 13.0 11.0 19.0 28.0 30.0 25.0 28.0 31.0 20.0 26.0 25.0 11.0 13.0 11.0 29.0 25.0 55.0 10.0 30.0 22.0 24.0 26.0 49.0 12.0 28.0 21.0 8.0 36.0 37.0 14.0 382.0 54.0 90.0 120.0 10.0 57.0 31.0 17.0 22.0 27.0 51.0 18.0 21.0 4.0 18.0 117.0 108.0 18.0 15.0 51.0 48.0 19.0 54.0 45.0 141.0 139.0 139.0 206.0 59.0 27.0 141.0 205.0 136.0 950.0 ];
subtimes{4} = [17.0 13.0 20.0 23.0 56.0 13.0 22.0 12.0 22.0 16.0 11.0 24.0 26.0 23.0 14.0 35.0 43.0 15.0 21.0 21.0 20.0 26.0 20.0 43.0 26.0 12.0 23.0 36.0 45.0 24.0 122.0 15.0 27.0 47.0 9.0 30.0 80.0 9.0 21.0 50.0 67.0 8.0 36.0 14.0 59.0 50.0 63.0 26.0 23.0 15.0 21.0 22.0 13.0 21.0 23.0 13.0 27.0 25.0 21.0 15.0 22.0 19.0 25.0 13.0 21.0 21.0 25.0 19.0 12.0 22.0 23.0 11.0 60.0 16.0 17.0 22.0 15.0 10.0 19.0 12.0 12.0 11.0 8.0 14.0 16.0 20.0 25.0 18.0 22.0 15.0 26.0 60.0 11.0 13.0 22.0 11.0 23.0 74.0 13.0 40.0 76.0 54.0 77.0 21.0 338.0 197.0 162.0 11.0 277.0 606.0 ];
subtimes{5} = [13.0 14.0 12.0 45.0 11.0 22.0 25.0 13.0 20.0 15.0 23.0 22.0 16.0 14.0 17.0 24.0 15.0 20.0 16.0 49.0 23.0 42.0 24.0 56.0 22.0 26.0 41.0 12.0 12.0 32.0 23.0 39.0 60.0 14.0 11.0 17.0 51.0 10.0 9.0 30.0 56.0 26.0 31.0 16.0 18.0 29.0 27.0 10.0 15.0 22.0 13.0 17.0 8.0 12.0 14.0 17.0 11.0 16.0 5.0 19.0 18.0 9.0 11.0 15.0 15.0 23.0 24.0 12.0 12.0 15.0 22.0 7.0 15.0 22.0 51.0 56.0 21.0 82.0 262.0 163.0 12.0 136.0 112.0 36.0 63.0 33.0 7.0 11.0 65.0 15.0 58.0 211.0 697.0 ];
subtimes{6} = [97.0 22.0 14.0 15.0 25.0 21.0 16.0 12.0 23.0 26.0 24.0 12.0 14.0 20.0 12.0 42.0 16.0 32.0 28.0 27.0 21.0 28.0 37.0 11.0 12.0 28.0 11.0 26.0 13.0 15.0 12.0 28.0 10.0 56.0 12.0 22.0 16.0 30.0 16.0 13.0 35.0 32.0 9.0 22.0 29.0 20.0 31.0 11.0 25.0 3.0 11.0 14.0 10.0 4.0 7.0 4.0 4.0 7.0 5.0 10.0 5.0 3.0 7.0 11.0 4.0 7.0 12.0 4.0 4.0 6.0 4.0 5.0 6.0 3.0 6.0 6.0 9.0 6.0 6.0 4.0 6.0 10.0 5.0 3.0 6.0 4.0 5.0 7.0 9.0 3.0 8.0 4.0 6.0 6.0 11.0 3.0 7.0 4.0 5.0 14.0 10.0 5.0 6.0 5.0 4.0 6.0 4.0 4.0 12.0 9.0 5.0 6.0 3.0 4.0 14.0 10.0 10.0 20.0 12.0 19.0 18.0 10.0 11.0 13.0 11.0 12.0 12.0 12.0 10.0 13.0 10.0 13.0 12.0 10.0 17.0 13.0 40.0 24.0 60.0 19.0 41.0 58.0 80.0 30.0 122.0 66.0 69.0 112.0 993.0 ];
subtimes{7} = [16.0 15.0 18.0 26.0 13.0 13.0 14.0 97.0 25.0 23.0 14.0 23.0 20.0 25.0 22.0 33.0 16.0 30.0 28.0 11.0 56.0 15.0 12.0 26.0 24.0 13.0 42.0 14.0 31.0 23.0 33.0 11.0 23.0 27.0 23.0 35.0 31.0 29.0 20.0 9.0 10.0 11.0 10.0 13.0 11.0 17.0 14.0 11.0 10.0 5.0 12.0 14.0 14.0 5.0 13.0 11.0 25.0 17.0 16.0 6.0 15.0 18.0 5.0 19.0 5.0 5.0 9.0 9.0 15.0 17.0 11.0 18.0 14.0 14.0 10.0 18.0 17.0 9.0 21.0 37.0 5.0 12.0 26.0 10.0 23.0 14.0 11.0 14.0 14.0 6.0 12.0 26.0 9.0 27.0 7.0 5.0 13.0 11.0 17.0 6.0 10.0 12.0 12.0 6.0 9.0 19.0 72.0 7.0 31.0 8.0 481.0 58.0 30.0 27.0 25.0 22.0 65.0 13.0 56.0 30.0 25.0 359.0 21.0 38.0 23.0 20.0 28.0 9.0 28.0 37.0 73.0 5.0 256.0 75.0 6.0 27.0 4.0 137.0 105.0 50.0 25.0 32.0 27.0 53.0 24.0 844.0 ];
