step{1} = [156 91 113 217 227 134 285 151 221 125 215 130 111 117 146 126 134 133 130 123 139 114 130 104 146 126 123 128 122 121 97 163 281 128 221 256 150 113 151 385 118 246 140 221 114 195 253 188 127 128 171 116 180 107 155 92 103 130 89 62 140 71 111 96 157 55 77 170 105 75 150 109 73 155 163 76 64 92 87 55 76 81 80 82 119 72 71 82 68 53 94 61 139 110 54 65 259 212 485 171 230 262 223 122 223 161 207 303 106 360 283 152 148 222 221 174 174 221 559 547 235 243 552 435 129 239 163 103 217 149 137 234 126 239 130 256 84 213 140 492 181 191 1518 138 1138 2280 584 1105 613 324 1166 459 1954 7345 1657 751 285 276 266 719 281 114 207 400 94 1388 94 89 89 87 91 94 111 107 1871 2263 2121 1873 1582 7286 1630 4498 1171 1177 1084 1187 1235 4358 186 279 1767 567 420 1384 759 2101 83 105 67 213 161 159 1413 237 212 227 203 202 206 196 197 188 196 194 199 191 197 191 174 175 290 217 181 232 176 178 167 231 216 462 164 164 163 176 175 168 156 157 166 171 137 150 164 170 136 140 140 137 135 135 131 131 131 134 133 141 132 127 131 136 124 125 124 124 121 123 123 128 122 127 123 121 126 124 123 128 126 123 121 126 124 119 125 121 124 124 125 119 112 103 99 118 121 122 121 120 120 116 122 289 257 164 171 204 146 166 136 221 292 458 186 173 155 183 7157 757 449 251 318 272 411 820 103 80 253 72 267 85 126 111 79 55 49 56 52 54 57 109 162 255 63 113 51 73 51 49 110 138 69 116 77 176 101 159 181 87 61 110 188 106 117 139 583 65 85 135 168 125 268 337 209 204 171 188 497 640 503 612 1439 59 722 94 94 196 107 213 206 100 96 1938 148 132 230 172 697 1794 645 12800 421 507 622 212 632 5094 975 307 186 184 230 183 183 192 179 450 1100 81 575 721 74 149 181 667 69 67 73 71 75 73 710 633 183 68 453 812 1167 426 671 72 4248 2340 159 101 115 122 111 747 683 701 68 109 72 213 78 69 107 80 78 74 77 82 80 118 80 77 79 79 75 72 86 70 80 73 964 9672 858 347 336 77 326 187 174 386 269 162 822 1146 438 1423 240 542 403 1955 2822 4855 8275 1561 6481 1179 9284 1550 656 73 220 151 383 724 980 416 983 713 112 9360 30896 ];
step{2} = [149 97 249 245 255 232 254 122 233 152 224 151 90 219 102 58 133 118 115 140 255 56 109 111 109 65 116 114 121 52 137 54 125 109 120 104 112 99 121 179 88 54 120 103 54 144 184 113 62 141 119 104 99 175 103 116 195 51 99 81 106 78 102 99 54 98 98 97 53 98 122 98 106 105 100 100 100 97 93 102 80 112 101 112 77 105 54 103 100 98 103 99 90 53 120 100 107 97 97 106 103 91 53 62 97 99 102 88 100 101 102 61 108 91 106 102 102 53 100 100 99 106 99 101 99 56 103 100 104 98 103 102 128 99 101 105 113 144 101 111 105 102 103 130 101 112 142 105 146 109 107 140 184 411 216 118 146 99 106 142 103 166 350 283 6678 6657 1054 592 483 1031 403 192 480 1369 1406 885 6477 546 296 246 75 432 460 131 2724 251 1217 2352 137 262 865 154 225 139 148 383 140 147 166 124 130 135 137 130 134 2019 2441 5807 3504 63 50 56 50 69 54 48 52 47 53 50 192 46 71 213 55 90 53 54 51 52 62 75 46 65 85 49 70 103 62 59 90 54 66 67 52 55 73 54 69 81 52 51 578 55 51 83 51 74 530 55 2411 843 802 2348 163 3986 565 100 258 262 327 220 117 50 177 165 111 42 40 151 39 37 138 125 117 48 99 134 140 180 165 77 46 48 130 154 151 44 61 36 44 36 123 57 60 46 42 145 146 44 50 162 52 51 42 88 59 57 63 54 52 48 49 93 118 77 103 5407 174 1251 797 122 1027 958 1171 3102 58 1144 597 1000 428 1025 83 585 328 282 422 299 723 288 154 247 76 275 280 273 1117 291 255 252 876 257 277 273 278 918 202 262 347 231 146 1090 388 306 945 219 602 120 888 376 123 117 127 133 129 126 141 203 108 118 125 115 128 522 297 243 92 94 145 103 118 143 554 219 154 95 594 389 194 138 530 162 136 63 150 731 617 1221 1391 434 428 225 498 421 351 223 416 802 323 322 238 158 25 250 293 139 179 1081 111 402 413 888 1664 582 2809 167 637 5998 2374 394 898 10342 ];
step{3} = [88 154 255 236 220 222 137 156 110 246 240 129 101 232 286 248 194 214 128 379 228 116 119 217 286 312 284 281 342 217 255 285 109 123 122 313 254 601 107 311 241 247 268 525 144 271 231 98 364 382 134 4076 582 969 1287 103 615 317 181 214 283 554 200 195 41 200 1191 1143 189 123 556 510 189 569 499 1478 1486 1484 2174 621 260 1418 2117 1426 9933 ];
step{4} = [156 125 224 229 606 122 221 124 245 134 128 257 259 245 149 342 463 161 194 231 205 260 226 447 264 117 254 354 463 241 1269 160 288 473 97 322 832 87 219 526 703 92 330 138 611 491 640 272 205 153 222 202 129 226 215 121 277 248 222 148 217 206 248 120 217 206 213 193 131 210 241 113 608 152 174 207 147 112 172 126 137 82 85 151 147 197 275 153 218 154 233 617 97 121 225 114 205 764 127 404 798 566 776 218 3481 1979 1597 110 2781 6078 ];
step{5} = [91 153 138 417 123 225 225 136 209 123 251 231 137 130 174 227 147 212 156 493 231 401 253 552 210 260 425 109 116 321 222 413 624 117 125 168 463 113 85 281 581 277 285 149 180 283 277 90 131 225 147 137 78 124 109 164 120 143 60 190 146 95 106 120 158 229 221 130 115 116 217 78 114 228 507 531 218 839 2631 1669 105 1325 1134 354 603 324 75 83 649 136 570 2110 6965 ];
step{6} = [937 223 139 140 248 218 145 133 248 240 258 122 130 213 112 391 145 310 243 274 219 257 362 105 109 281 115 235 128 140 110 280 98 518 114 231 127 285 155 111 350 305 65 214 272 169 303 108 212 34 95 105 104 36 41 37 40 50 40 108 34 31 49 97 39 46 96 43 36 32 36 49 40 35 37 36 90 44 41 33 57 61 47 35 35 39 38 50 94 32 41 35 51 38 101 36 50 47 41 131 93 50 42 38 42 36 46 36 97 95 37 36 34 38 112 105 93 173 123 181 163 105 102 100 111 107 101 101 110 93 103 110 104 97 157 108 403 235 578 196 400 531 816 287 1203 648 659 1086 9735 ];
step{7} = [93 149 179 246 127 128 106 975 250 221 144 233 170 259 218 284 153 304 259 118 571 130 124 235 218 136 419 105 315 219 302 110 238 254 222 360 272 292 202 64 101 101 79 127 116 132 131 114 68 52 117 110 134 56 106 116 245 149 161 64 119 171 53 153 48 51 49 98 141 143 112 181 114 147 92 151 173 74 180 371 52 101 242 110 201 138 103 123 133 54 89 263 90 245 75 50 91 115 172 41 77 126 96 67 78 164 707 68 289 78 4680 525 290 259 213 213 645 101 549 290 214 3464 209 348 231 201 245 91 259 329 716 46 2424 737 53 247 41 1274 993 490 238 275 265 486 217 8024 ];
step{8} = [693 1673 340 341 1032 353 1309 615 610 588 994 587 305 278 1027 223 222 897 318 240 1132 1666 507 330 955 335 684 330 1184 357 3312 554 309 802 1683 254 3532 964 4472 4664 2035 921 981 308 602 621 968 822 104 187 262 236 453 116 140 101 7690 ];
step{9} = [153 204 217 229 121 219 508 428 400 214 217 235 820 225 245 399 391 272 222 271 119 248 439 539 174 336 217 1105 266 284 124 271 591 286 347 126 104 509 403 422 163 208 115 207 545 242 215 129 84 260 114 131 226 247 222 234 103 112 248 251 210 369 219 246 447 86 141 86 76 91 79 175 160 874 951 135 238 128 237 127 1104 218 206 928 1516 75 218 1284 581 134 299 662 521 1337 90 221 793 189 85 173 163 170 208 87 72 178 174 444 76 436 38 156 108 230 411 326 10067 17955 ];
