step{1} = [35 22 24 23 21 79 21 22 21 23 23 22 22 22 21 22 21 22 22 21 21 23 23 24 33 30 66 35 86 81 22 59 40 72 29 29 82 51 54 35 95 55 51 43 38 80 59 65 91 81 28 53 115 25 102 90 83 30 44 26 38 76 81 24 21 63 79 57 32 82 26 26 27 81 93 78 80 79 84 31 64 60 58 92 81 80 56 29 81 38 80 29 104 25 23 41 78 31 80 95 88 31 92 48 48 124 39 79 102 36 42 103 96 63 27 51 63 96 79 43 80 27 64 42 79 78 42 25 87 100 83 27 22 71 78 79 115 45 53 32 45 80 52 83 82 64 80 79 79 48 80 48 80 82 100 28 90 93 82 83 80 100 82 101 95 45 23 82 82 59 84 90 52 98 79 78 144 80 79 104 89 80 91 158 88 83 81 101 79 82 114 82 81 79 79 84 79 83 95 82 108 116 80 87 81 58 79 81 79 89 93 82 35 81 80 97 83 96 82 86 81 108 123 80 97 80 81 108 27 114 120 105 28 81 84 81 82 96 81 82 83 81 82 26 81 80 86 84 84 33 92 95 95 84 86 89 88 89 92 97 88 86 87 67 85 92 93 89 84 82 93 91 87 86 82 86 95 85 85 87 88 86 89 92 84 86 27 91 89 92 89 30 26 98 35 34 85 26 31 27 94 29 29 33 36 29 28 97 37 33 30 36 42 28 91 36 31 25 27 33 29 35 31 32 33 88 89 88 30 95 83 30 84 90 82 29 85 97 81 26 30 91 81 83 86 40 84 31 86 88 88 87 87 95 88 84 87 91 91 86 92 93 86 88 95 87 86 86 89 87 87 89 82 87 86 89 88 83 83 92 86 90 86 89 89 90 87 89 96 91 94 91 88 87 86 85 93 96 88 87 85 84 86 87 93 116 85 85 88 94 83 99 85 88 86 83 86 98 86 88 90 89 87 84 86 94 91 94 99 88 86 87 88 84 101 84 87 86 84 88 88 85 86 84 87 83 86 86 86 85 88 82 86 86 85 86 86 84 87 100 84 87 81 82 85 84 90 81 83 84 83 87 88 84 94 82 83 112 84 84 83 108 83 84 114 111 84 84 85 111 117 83 84 139 99 100 84 46 100 86 92 81 84 88 83 104 121 97 126 95 84 91 115 85 189 102 84 115 83 96 85 97 96 115 231 85 85 84 61 68 82 82 143 91 100 83 84 88 106 56 105 81 89 112 98 92 274 177 92 207 240 251 100 96 99 95 89 91 158 97 89 456 94 86 87 275 92 268 96 181 92 93 91 100 90 91 280 468 92 92 109 89 89 93 101 90 88 87 316 88 87 87 127 202 236 88 90 249 88 87 90 90 88 88 88 90 86 113 192 86 86 87 90 267 89 85 87 90 322 93 196 265 94 89 222 94 184 194 106 183 149 150 152 95 93 242 195 178 89 151 166 137 141 141 114 149 142 143 140 140 138 136 168 99 141 89 95 132 89 89 136 137 135 149 91 198 135 43 137 146 194 156 147 133 138 94 136 103 89 138 96 46 88 133 85 92 94 290 196 186 176 136 287 177 89 183 149 80 91 233 89 221 139 355 34 149 141 215 178 419 73 221 359 184 167 334 177 182 182 196 108 178 215 327 148 321 174 88 170 198 358 607 126 174 292 85 114 281 323 153 708 457 286 194 143 688 1395 3012 ];
step{2} = [34 22 24 24 21 79 21 21 21 56 97 23 22 23 21 21 23 22 22 96 27 81 80 63 81 30 56 67 96 84 53 44 32 50 42 39 62 71 49 36 68 45 86 32 43 37 45 31 83 82 23 22 81 79 86 38 27 32 28 31 39 79 79 59 98 81 82 27 78 79 26 79 87 47 76 55 45 40 65 36 24 28 30 78 54 43 46 24 40 45 43 27 50 24 83 26 26 41 30 40 23 29 94 45 26 40 29 29 32 75 27 79 55 35 143 23 31 63 77 31 50 79 92 93 50 22 78 81 84 79 80 42 73 47 39 83 22 32 80 83 79 26 22 79 45 81 54 92 28 44 81 81 94 88 28 40 46 82 50 79 72 83 105 66 117 33 80 66 24 46 49 41 95 83 79 115 83 177 80 49 80 26 29 80 21 80 82 71 120 57 77 3 79 79 81 82 68 41 80 50 92 46 82 92 81 22 86 49 81 49 24 55 70 64 95 118 47 48 98 87 121 119 86 55 169 135 26 102 152 62 145 157 73 171 77 155 64 135 73 90 87 77 106 77 84 75 144 73 76 77 77 81 76 73 76 75 76 76 75 73 78 77 78 75 80 75 71 73 73 73 75 73 73 75 76 111 75 75 73 76 74 76 74 73 86 73 71 73 74 75 81 75 81 76 77 75 79 76 89 85 75 75 73 75 73 88 76 74 73 86 75 81 77 80 73 80 77 71 73 72 75 78 77 76 77 78 77 78 76 78 76 79 82 82 81 82 76 82 91 74 81 84 79 76 75 82 76 86 78 82 81 81 80 83 89 78 85 91 82 90 82 81 83 82 88 82 86 85 85 86 82 79 89 85 122 75 79 82 86 86 76 80 82 81 83 89 80 83 81 91 86 73 80 81 81 82 78 82 80 90 85 86 88 82 80 81 89 86 88 81 80 77 88 84 89 85 85 80 82 80 88 81 85 80 89 84 80 81 79 88 80 81 81 88 79 79 75 79 85 79 75 75 78 77 74 81 81 87 86 85 80 87 81 89 86 86 80 88 86 80 79 78 80 75 80 80 75 75 75 79 86 79 80 78 86 75 81 79 77 80 85 79 80 80 86 80 74 74 81 78 75 74 85 75 90 73 88 73 80 75 75 88 74 75 89 81 79 74 74 74 74 75 73 75 74 74 74 87 74 74 74 75 75 75 74 74 73 74 74 74 75 74 74 74 74 75 74 75 74 75 73 74 75 73 74 74 74 75 74 74 74 74 74 74 74 73 74 74 75 74 75 75 75 75 75 74 75 74 75 74 74 75 75 75 75 75 75 75 74 75 74 75 75 75 75 75 75 77 78 79 78 75 84 76 76 75 79 78 85 75 80 75 74 85 76 85 84 86 79 75 85 89 86 75 82 85 80 75 84 86 78 79 85 86 88 79 86 87 82 88 86 86 80 85 79 75 78 79 81 79 76 75 75 77 78 76 74 72 74 76 76 72 75 75 76 72 72 71 71 75 75 75 72 72 71 71 72 71 74 72 51 75 72 71 74 74 75 72 72 72 73 73 73 73 74 71 72 72 71 71 72 76 71 71 71 71 72 72 72 72 72 71 72 72 71 71 72 71 48 73 51 73 73 73 73 73 68 68 68 71 2 73 73 67 202 202 197 202 202 195 202 202 195 201 201 196 202 201 201 196 201 199 201 202 194 243 203 195 200 193 195 202 200 219 201 201 207 192 94 77 74 199 216 199 199 191 66 199 75 69 74 74 75 78 75 75 82 38 81 80 81 77 80 78 37 79 80 76 77 76 82 77 78 79 27 77 76 75 76 78 76 74 74 76 78 78 76 79 76 77 80 108 84 85 44 81 89 124 76 71 88 89 91 101 128 81 98 99 124 88 85 38 104 86 88 80 143 60 98 40 87 84 79 74 76 76 79 84 139 109 42 77 43 80 184 46 81 77 83 106 88 98 101 93 142 138 88 141 103 55 144 96 41 47 61 53 153 157 151 89 115 98 99 135 36 98 43 141 137 139 136 78 143 138 40 142 154 97 139 142 71 141 38 88 36 35 136 137 136 140 96 137 82 139 39 87 85 38 137 38 39 93 146 99 40 96 96 91 148 37 143 98 86 94 84 97 86 37 44 43 99 99 148 82 38 135 142 99 141 82 42 136 147 85 83 136 99 38 141 136 108 34 136 83 99 38 85 35 36 131 40 139 137 138 103 34 146 142 140 38 99 141 89 90 143 128 139 142 138 139 41 138 85 136 82 141 84 44 83 141 85 141 142 95 140 141 85 136 138 35 139 145 139 133 139 83 134 136 140 136 135 135 131 39 136 137 137 137 145 141 139 137 160 137 133 135 133 137 138 131 134 165 141 137 135 137 141 134 105 137 137 136 137 94 147 144 135 137 142 139 90 194 138 140 136 141 133 132 153 186 133 135 138 137 155 133 138 161 93 132 134 132 137 136 134 94 138 134 83 137 140 37 133 100 135 138 137 137 136 136 135 137 132 138 135 96 134 138 78 135 138 135 96 140 136 135 131 135 134 71 136 137 131 135 134 76 133 140 136 103 130 132 136 97 136 42 94 41 136 137 139 96 141 76 133 136 135 140 74 173 134 139 140 136 100 139 135 174 137 139 137 138 138 134 82 135 106 137 136 132 133 92 135 84 140 132 141 134 135 138 134 73 92 136 136 116 134 227 87 135 136 29 141 135 145 100 178 132 144 132 135 135 133 103 135 142 174 232 146 142 134 145 215 135 132 137 135 89 142 147 137 134 138 88 139 138 138 139 143 82 140 140 79 135 141 143 84 149 139 93 89 143 147 165 144 144 139 95 88 149 39 57 149 160 159 160 88 146 152 146 96 152 144 89 152 139 148 124 146 141 153 149 78 149 164 35 150 146 150 28 149 151 96 79 153 153 155 83 86 153 138 151 156 148 148 152 87 160 207 161 93 144 150 151 38 149 156 88 93 90 88 97 147 153 150 128 139 92 89 35 145 148 150 126 153 36 173 148 92 186 93 149 50 178 213 154 146 199 131 80 148 178 38 99 79 178 146 146 17 32 143 142 36 147 169 39 119 106 88 53 142 78 137 149 173 29 212 150 134 168 140 90 79 35 252 183 188 36 149 132 85 36 133 150 240 186 149 168 100 256 161 194 146 88 90 212 124 279 135 48 186 250 176 191 153 530 91 141 250 86 172 166 282 115 141 168 202 40 192 281 217 152 187 165 399 155 306 144 251 211 152 42 257 210 189 218 91 109 84 86 101 276 41 179 228 81 66 98 145 575 45 309 147 144 142 82 131 148 135 300 300 223 137 186 232 138 243 100 143 132 135 186 179 142 91 565 90 191 137 118 97 515 89 92 37 156 129 660 179 270 49 83 114 143 162 145 108 118 340 149 127 469 229 138 89 101 358 39 331 147 322 157 99 82 157 91 160 252 326 401 271 93 151 94 37 187 471 307 139 633 151 211 49 91 108 87 149 265 72 127 164 255 89 369 147 110 87 137 144 180 368 86 664 380 88 293 272 148 283 151 89 92 520 406 135 289 242 77 117 343 145 133 86 107 94 138 113 263 311 127 82 380 67 271 89 174 66 289 103 430 130 823 420 ];
