goalReached = [1 0 ];
episodeCount = [748 1364 ];
totalTime = [23374.52 43405.27 ];
subtimes{1} = [10.0 5.0 6.0 8.0 6.0 18.0 8.0 6.0 6.0 8.0 6.0 6.0 8.0 5.0 6.0 8.0 6.0 6.0 8.0 6.0 6.0 8.0 5.0 7.0 10.0 7.0 15.0 11.0 20.0 19.0 8.0 14.0 10.0 19.0 7.0 8.0 21.0 13.0 14.0 12.0 25.0 13.0 16.0 12.0 10.0 23.0 15.0 17.0 26.0 21.0 9.0 17.0 30.0 8.0 30.0 25.0 21.0 11.0 12.0 8.0 13.0 20.0 22.0 10.0 5.0 18.0 24.0 15.0 9.0 25.0 8.0 7.0 11.0 22.0 25.0 23.0 21.0 21.0 25.0 8.0 18.0 19.0 15.0 25.0 25.0 22.0 15.0 11.0 22.0 11.0 24.0 8.0 27.0 10.0 6.0 11.0 24.0 8.0 21.0 28.0 24.0 9.0 27.0 13.0 13.0 36.0 11.0 22.0 30.0 10.0 12.0 31.0 25.0 17.0 10.0 15.0 17.0 29.0 21.0 12.0 26.0 7.0 19.0 15.0 21.0 21.0 15.0 7.0 23.0 30.0 24.0 9.0 9.0 19.0 21.0 25.0 33.0 13.0 18.0 9.0 12.0 25.0 14.0 23.0 25.0 18.0 23.0 25.0 21.0 14.0 25.0 13.0 24.0 26.0 29.0 8.0 28.0 25.0 24.0 26.0 22.0 31.0 26.0 28.0 26.0 15.0 7.0 23.0 26.0 17.0 25.0 29.0 14.0 28.0 25.0 22.0 41.0 25.0 24.0 30.0 27.0 22.0 28.0 47.0 26.0 24.0 25.0 28.0 22.0 25.0 33.0 23.0 25.0 22.0 23.0 26.0 23.0 23.0 29.0 23.0 31.0 35.0 22.0 25.0 26.0 17.0 22.0 26.0 24.0 27.0 28.0 23.0 11.0 26.0 22.0 27.0 26.0 27.0 23.0 28.0 22.0 30.0 37.0 23.0 27.0 25.0 23.0 29.0 11.0 33.0 35.0 33.0 8.0 23.0 26.0 24.0 23.0 32.0 24.0 23.0 26.0 24.0 23.0 11.0 23.0 24.0 27.0 24.0 25.0 13.0 26.0 26.0 30.0 23.0 26.0 28.0 25.0 26.0 29.0 28.0 26.0 29.0 24.0 19.0 28.0 26.0 28.0 28.0 25.0 23.0 30.0 27.0 26.0 27.0 24.0 27.0 31.0 25.0 24.0 27.0 25.0 25.0 27.0 28.0 25.0 28.0 8.0 25.0 28.0 26.0 26.0 11.0 8.0 27.0 14.0 10.0 25.0 11.0 10.0 8.0 28.0 8.0 10.0 13.0 10.0 8.0 11.0 27.0 10.0 13.0 8.0 12.0 16.0 8.0 27.0 14.0 9.0 7.0 12.0 9.0 9.0 14.0 10.0 9.0 13.0 25.0 27.0 28.0 10.0 29.0 27.0 10.0 25.0 30.0 23.0 8.0 29.0 27.0 23.0 11.0 9.0 26.0 26.0 23.0 25.0 14.0 24.0 9.0 28.0 26.0 26.0 28.0 26.0 28.0 29.0 24.0 24.0 30.0 27.0 24.0 29.0 27.0 24.0 29.0 28.0 27.0 27.0 24.0 25.0 28.0 26.0 26.0 26.0 25.0 26.0 28.0 25.0 24.0 27.0 27.0 25.0 31.0 25.0 25.0 28.0 27.0 24.0 29.0 27.0 27.0 30.0 26.0 25.0 29.0 24.0 24.0 29.0 28.0 24.0 30.0 25.0 24.0 28.0 24.0 28.0 36.0 24.0 24.0 27.0 27.0 26.0 30.0 24.0 29.0 28.0 23.0 26.0 31.0 24.0 25.0 28.0 25.0 25.0 27.0 24.0 27.0 29.0 28.0 30.0 27.0 24.0 25.0 29.0 24.0 29.0 27.0 26.0 26.0 28.0 27.0 25.0 28.0 24.0 24.0 28.0 24.0 24.0 29.0 25.0 27.0 28.0 23.0 27.0 27.0 25.0 26.0 28.0 24.0 27.0 32.0 25.0 25.0 29.0 25.0 25.0 26.0 26.0 23.0 28.0 24.0 25.0 28.0 25.0 26.0 32.0 24.0 23.0 36.0 25.0 24.0 27.0 32.0 24.0 26.0 34.0 35.0 27.0 26.0 25.0 35.0 35.0 24.0 28.0 39.0 29.0 31.0 24.0 13.0 33.0 24.0 27.0 26.0 24.0 26.0 26.0 29.0 36.0 30.0 36.0 28.0 27.0 27.0 33.0 26.0 55.0 29.0 28.0 34.0 25.0 30.0 25.0 27.0 31.0 32.0 66.0 28.0 24.0 25.0 21.0 19.0 23.0 26.0 43.0 26.0 33.0 25.0 24.0 28.0 33.0 16.0 34.0 23.0 26.0 36.0 28.0 27.0 81.0 51.0 27.0 63.0 70.0 71.0 32.0 28.0 28.0 30.0 26.0 27.0 48.0 29.0 25.0 137.0 28.0 25.0 28.0 79.0 27.0 80.0 27.0 52.0 29.0 27.0 27.0 32.0 27.0 26.0 86.0 137.0 26.0 30.0 31.0 26.0 27.0 28.0 30.0 30.0 26.0 27.0 96.0 28.0 26.0 31.0 39.0 58.0 71.0 25.0 26.0 77.0 26.0 26.0 29.0 26.0 26.0 29.0 25.0 27.0 31.0 34.0 56.0 28.0 26.0 26.0 29.0 79.0 26.0 28.0 25.0 26.0 99.0 27.0 58.0 80.0 28.0 26.0 67.0 28.0 57.0 58.0 33.0 55.0 47.0 43.0 45.0 30.0 27.0 70.0 60.0 53.0 27.0 47.0 48.0 39.0 43.0 41.0 33.0 49.0 41.0 42.0 45.0 41.0 41.0 43.0 52.0 29.0 44.0 27.0 27.0 41.0 25.0 26.0 43.0 41.0 40.0 45.0 26.0 58.0 42.0 14.0 39.0 47.0 58.0 46.0 46.0 41.0 42.0 31.0 40.0 30.0 28.0 40.0 30.0 16.0 25.0 40.0 29.0 28.0 28.0 88.0 56.0 54.0 53.0 40.0 84.0 57.0 26.0 54.0 49.0 23.0 28.0 72.0 26.0 64.0 44.0 107.0 10.0 47.0 41.0 65.0 55.0 123.0 21.0 70.0 106.0 55.0 53.0 99.0 53.0 57.0 56.0 59.0 35.0 52.0 63.0 101.0 44.0 97.0 54.0 27.0 54.0 61.0 106.0 183.0 40.0 53.0 87.0 30.0 34.0 86.0 102.0 47.0 219.0 141.0 89.0 59.0 47.0 212.0 437.0 949.0 ];
subtimes{2} = [12.0 5.0 6.0 10.0 6.0 18.0 9.0 5.0 7.0 16.0 23.0 6.0 8.0 5.0 5.0 9.0 6.0 6.0 9.0 21.0 8.0 21.0 20.0 15.0 21.0 7.0 15.0 19.0 22.0 21.0 17.0 10.0 9.0 15.0 10.0 11.0 18.0 20.0 12.0 13.0 17.0 13.0 23.0 8.0 10.0 12.0 12.0 9.0 24.0 21.0 7.0 9.0 19.0 21.0 25.0 11.0 8.0 11.0 7.0 8.0 13.0 21.0 21.0 17.0 25.0 22.0 24.0 7.0 20.0 24.0 7.0 21.0 24.0 12.0 21.0 17.0 11.0 12.0 20.0 10.0 7.0 10.0 7.0 20.0 16.0 10.0 13.0 9.0 11.0 12.0 15.0 7.0 13.0 9.0 21.0 8.0 9.0 12.0 9.0 14.0 7.0 9.0 28.0 12.0 9.0 16.0 9.0 7.0 11.0 21.0 7.0 23.0 15.0 11.0 39.0 6.0 9.0 19.0 19.0 8.0 18.0 20.0 26.0 26.0 14.0 6.0 24.0 21.0 22.0 24.0 21.0 12.0 22.0 13.0 10.0 25.0 6.0 9.0 25.0 21.0 20.0 10.0 7.0 21.0 15.0 23.0 16.0 27.0 8.0 12.0 24.0 22.0 25.0 27.0 9.0 13.0 15.0 23.0 13.0 24.0 20.0 23.0 31.0 17.0 31.0 13.0 23.0 19.0 9.0 14.0 14.0 14.0 26.0 24.0 24.0 31.0 22.0 50.0 23.0 14.0 24.0 7.0 9.0 24.0 6.0 22.0 24.0 19.0 34.0 18.0 21.0 2.0 24.0 21.0 24.0 24.0 18.0 11.0 25.0 14.0 24.0 16.0 24.0 25.0 25.0 6.0 23.0 15.0 22.0 13.0 9.0 15.0 19.0 20.0 26.0 33.0 16.0 14.0 28.0 27.0 31.0 32.0 28.0 16.0 46.0 40.0 7.0 28.0 45.0 16.0 40.0 45.0 21.0 49.0 26.0 41.0 18.0 40.0 20.0 25.0 26.0 22.0 29.0 24.0 24.0 22.0 42.0 20.0 20.0 24.0 22.0 23.0 23.0 22.0 21.0 24.0 21.0 21.0 24.0 19.0 20.0 24.0 21.0 22.0 24.0 20.0 20.0 23.0 20.0 20.0 24.0 20.0 20.0 23.0 22.0 31.0 23.0 20.0 21.0 24.0 20.0 22.0 23.0 20.0 25.0 22.0 19.0 21.0 23.0 20.0 23.0 22.0 24.0 21.0 24.0 20.0 22.0 25.0 25.0 23.0 23.0 20.0 21.0 23.0 20.0 24.0 24.0 21.0 19.0 26.0 21.0 22.0 25.0 21.0 21.0 24.0 22.0 19.0 24.0 21.0 20.0 23.0 22.0 23.0 24.0 21.0 21.0 25.0 21.0 21.0 25.0 21.0 22.0 25.0 22.0 24.0 23.0 23.0 25.0 24.0 24.0 24.0 27.0 21.0 22.0 25.0 21.0 24.0 25.0 22.0 23.0 25.0 23.0 23.0 27.0 21.0 24.0 29.0 22.0 23.0 25.0 24.0 24.0 27.0 24.0 24.0 27.0 23.0 23.0 26.0 24.0 21.0 27.0 24.0 34.0 24.0 21.0 23.0 27.0 24.0 20.0 25.0 22.0 22.0 27.0 25.0 21.0 24.0 23.0 24.0 26.0 20.0 23.0 25.0 24.0 23.0 24.0 23.0 24.0 28.0 23.0 24.0 27.0 23.0 22.0 27.0 27.0 24.0 26.0 24.0 21.0 24.0 25.0 24.0 28.0 23.0 23.0 25.0 23.0 22.0 29.0 22.0 24.0 25.0 25.0 25.0 26.0 24.0 21.0 29.0 22.0 23.0 25.0 26.0 24.0 25.0 21.0 21.0 27.0 23.0 22.0 24.0 21.0 24.0 24.0 24.0 24.0 29.0 26.0 23.0 26.0 23.0 24.0 31.0 24.0 25.0 25.0 24.0 24.0 26.0 24.0 24.0 26.0 21.0 23.0 25.0 21.0 25.0 25.0 23.0 25.0 25.0 22.0 22.0 28.0 22.0 24.0 25.0 22.0 24.0 28.0 23.0 23.0 25.0 27.0 23.0 25.0 20.0 23.0 28.0 21.0 21.0 26.0 21.0 26.0 26.0 24.0 21.0 25.0 22.0 23.0 28.0 21.0 21.0 28.0 22.0 22.0 25.0 22.0 20.0 24.0 21.0 22.0 24.0 20.0 21.0 23.0 25.0 21.0 24.0 21.0 21.0 25.0 21.0 21.0 24.0 21.0 20.0 24.0 21.0 23.0 24.0 22.0 21.0 25.0 21.0 22.0 25.0 22.0 21.0 24.0 21.0 23.0 25.0 20.0 20.0 24.0 22.0 20.0 23.0 21.0 21.0 24.0 22.0 21.0 23.0 20.0 23.0 24.0 21.0 22.0 24.0 22.0 21.0 24.0 20.0 21.0 24.0 21.0 22.0 25.0 22.0 21.0 24.0 21.0 22.0 24.0 22.0 21.0 24.0 23.0 21.0 23.0 22.0 21.0 24.0 21.0 23.0 27.0 23.0 23.0 24.0 24.0 23.0 24.0 21.0 23.0 27.0 27.0 20.0 26.0 21.0 22.0 28.0 23.0 26.0 27.0 24.0 24.0 25.0 25.0 24.0 28.0 21.0 22.0 27.0 22.0 21.0 27.0 24.0 24.0 25.0 25.0 27.0 28.0 23.0 24.0 26.0 25.0 25.0 29.0 25.0 24.0 27.0 23.0 23.0 25.0 24.0 23.0 26.0 21.0 22.0 25.0 21.0 24.0 24.0 20.0 22.0 24.0 23.0 25.0 24.0 21.0 22.0 25.0 23.0 23.0 24.0 21.0 24.0 26.0 23.0 22.0 26.0 22.0 21.0 26.0 21.0 23.0 23.0 16.0 22.0 24.0 21.0 23.0 26.0 23.0 23.0 26.0 22.0 21.0 25.0 22.0 23.0 28.0 23.0 24.0 25.0 22.0 25.0 25.0 23.0 23.0 24.0 21.0 21.0 25.0 24.0 21.0 24.0 21.0 21.0 26.0 23.0 22.0 28.0 25.0 23.0 19.0 23.0 16.0 25.0 22.0 20.0 24.0 21.0 21.0 22.0 19.0 20.0 4.0 21.0 20.0 21.0 59.0 56.0 58.0 60.0 58.0 57.0 58.0 56.0 58.0 59.0 57.0 57.0 58.0 59.0 62.0 57.0 58.0 59.0 56.0 60.0 58.0 76.0 62.0 64.0 64.0 60.0 61.0 60.0 60.0 67.0 63.0 69.0 71.0 60.0 28.0 26.0 21.0 56.0 65.0 60.0 59.0 63.0 20.0 59.0 25.0 20.0 23.0 25.0 22.0 25.0 27.0 23.0 26.0 15.0 23.0 26.0 30.0 24.0 24.0 26.0 11.0 24.0 29.0 22.0 23.0 26.0 26.0 25.0 27.0 24.0 9.0 28.0 24.0 24.0 26.0 23.0 22.0 27.0 22.0 23.0 26.0 24.0 24.0 27.0 23.0 23.0 28.0 31.0 24.0 29.0 13.0 24.0 30.0 36.0 22.0 24.0 27.0 25.0 30.0 32.0 38.0 28.0 28.0 32.0 41.0 28.0 26.0 14.0 32.0 25.0 29.0 24.0 44.0 20.0 30.0 12.0 29.0 25.0 23.0 25.0 22.0 25.0 27.0 26.0 41.0 