step{1} = [27 24 24 23 20 23 21 22 22 49 46 83 82 80 31 81 27 101 47 39 61 22 88 79 89 79 45 23 48 29 25 80 82 82 70 23 28 78 86 39 22 37 81 64 79 81 121 78 51 61 102 83 22 44 80 38 48 52 128 30 104 66 26 82 28 47 52 83 83 81 23 25 82 27 81 49 83 31 43 24 97 39 41 31 31 32 38 33 32 37 47 92 33 38 39 51 32 38 96 94 45 33 95 91 31 95 91 37 97 90 40 34 96 32 40 94 98 97 34 43 45 94 100 47 53 40 36 44 95 101 96 91 36 37 43 37 100 41 41 47 39 97 38 39 38 36 99 35 94 43 41 43 91 97 94 111 44 40 38 37 35 35 34 94 42 38 40 98 44 95 91 42 101 94 36 96 103 98 98 97 42 96 99 39 40 42 96 40 42 92 38 97 97 34 93 46 100 91 96 97 95 41 96 94 96 97 93 92 96 93 95 94 40 36 35 96 36 92 96 95 35 91 95 44 38 33 44 45 33 95 95 94 94 94 95 96 92 94 96 95 98 94 97 90 37 41 92 97 93 91 36 93 46 36 98 95 37 41 95 93 89 97 92 98 35 91 35 43 46 43 46 40 40 96 39 91 91 88 95 95 92 100 47 99 52 45 180 94 92 42 90 35 45 95 92 93 97 36 48 36 39 40 39 31 32 32 37 36 38 34 41 37 33 32 42 34 34 36 37 34 33 42 33 39 37 32 35 38 33 35 33 32 34 35 29 39 33 35 32 39 35 33 35 34 34 31 34 34 34 32 39 38 42 42 41 36 37 35 43 45 30 99 35 46 45 47 48 30 36 38 39 34 37 34 97 38 32 51 43 42 39 34 34 161 61 35 43 38 47 49 111 38 109 178 94 60 95 41 57 52 42 40 71 90 95 60 96 48 74 90 92 35 73 78 87 94 93 90 32 39 54 82 100 34 106 58 40 58 48 47 53 66 38 62 60 33 38 34 39 37 41 34 31 32 47 55 34 33 34 36 86 28 42 33 32 28 42 35 49 35 39 31 37 34 34 34 43 33 44 38 95 32 40 28 31 50 41 38 37 48 47 47 92 100 53 33 34 44 109 48 50 50 34 47 51 40 52 47 51 50 34 43 44 46 47 45 34 46 51 49 45 39 49 56 47 37 50 46 35 40 45 48 100 68 90 107 90 48 56 42 58 91 37 44 53 63 57 98 34 37 95 52 44 40 96 64 89 92 40 61 54 99 47 37 45 93 90 92 92 95 89 41 55 48 88 91 88 105 93 95 43 100 51 149 96 68 153 97 31 47 87 93 99 92 103 95 95 95 45 66 167 60 109 88 112 93 44 51 93 40 50 104 46 61 163 95 93 106 62 159 95 91 98 149 97 154 91 56 40 95 61 114 96 143 46 100 90 147 378 179 106 93 165 96 124 47 98 47 155 235 95 103 94 78 146 146 143 95 96 153 85 91 142 233 105 140 40 199 142 143 91 144 190 83 98 133 41 94 141 148 140 93 93 148 95 83 95 93 87 146 175 147 92 178 144 224 152 43 96 158 227 145 180 272 149 250 78 43 227 192 255 47 369 201 147 41 290 160 148 154 124 145 146 146 151 150 233 196 73 184 185 74 579 280 294 256 125 150 203 146 182 190 151 276 359 215 559 147 279 255 367 258 137 189 185 147 149 148 299 187 232 341 201 101 182 260 109 206 146 246 195 847 32 176 208 223 196 87 299 283 309 124 211 131 275 282 269 427 727 193 473 172 416 222 496 211 383 122 116 83 228 207 420 463 144 86 79 486 240 78 433 3084 ];
step{2} = [33 22 23 24 23 79 21 34 34 128 79 28 25 83 54 23 23 25 28 83 24 20 21 22 22 23 22 23 22 22 22 37 43 34 42 30 39 39 35 52 38 38 34 38 37 28 28 38 93 34 37 91 37 88 37 93 37 34 34 27 36 37 45 59 97 83 99 31 34 35 35 36 22 22 21 21 22 21 23 22 23 22 21 22 23 22 20 21 21 21 22 21 21 80 21 21 23 21 24 21 21 21 21 22 22 22 23 31 22 20 21 22 20 21 22 21 21 23 20 21 20 21 21 79 21 23 22 22 21 22 22 22 20 22 21 21 20 22 22 78 21 21 19 21 23 21 21 23 21 77 24 21 21 22 25 21 22 22 21 23 22 77 21 22 22 21 21 22 19 21 20 21 21 19 21 22 21 19 23 20 23 21 23 21 21 19 21 20 20 21 21 21 22 22 19 22 20 22 22 20 20 21 21 23 28 21 21 21 20 20 22 22 19 20 20 19 21 22 21 23 21 21 21 21 21 20 22 21 21 21 21 22 21 21 23 19 20 20 22 20 21 78 21 20 21 21 20 20 21 22 22 20 78 20 20 21 23 21 78 20 21 77 20 20 19 22 20 20 21 19 20 21 21 21 21 21 21 22 21 23 23 20 20 21 22 21 21 21 20 20 21 41 61 29 26 81 103 102 100 32 43 34 38 35 42 107 53 98 55 100 38 41 45 61 55 52 115 119 46 80 109 31 40 119 108 116 51 94 123 68 31 100 109 108 95 138 47 95 52 42 98 104 54 99 101 52 57 41 104 98 48 95 106 101 82 101 93 100 99 100 95 102 39 45 41 98 104 103 95 40 96 100 103 102 104 58 99 97 40 33 97 93 100 45 99 95 40 48 38 95 95 99 89 162 93 97 103 103 95 92 92 95 93 92 98 102 102 96 96 112 112 109 91 97 98 99 99 111 98 93 94 91 100 191 92 95 89 96 92 94 90 33 89 91 90 93 93 88 92 85 92 92 91 91 92 99 90 93 92 91 90 95 96 97 89 91 92 91 94 95 92 89 95 90 93 92 97 95 92 94 90 87 92 93 91 93 88 95 104 93 98 91 92 92 94 94 95 92 90 88 90 92 94 92 95 93 92 94 89 91 91 94 93 95 95 95 95 93 90 92 89 91 92 91 94 88 94 96 93 94 95 98 94 91 93 91 96 87 101 91 89 93 91 91 88 90 89 94 96 92 92 49 95 93 89 91 88 98 92 174 93 98 93 88 89 94 96 97 93 91 166 160 88 94 95 92 95 91 96 92 90 92 97 95 95 91 92 92 95 97 143 96 97 144 88 93 94 91 90 160 95 90 92 93 97 90 147 176 151 151 146 144 146 94 96 145 147 96 144 224 137 95 93 149 145 52 144 87 93 92 93 146 190 201 105 161 152 44 153 101 149 97 144 150 93 154 141 157 51 116 121 94 88 118 146 149 137 147 147 124 87 154 109 125 66 145 143 147 164 103 232 198 154 42 127 112 93 106 100 39 148 50 86 156 122 42 107 150 129 130 123 125 106 43 167 152 122 160 129 121 115 134 144 147 117 162 204 202 130 169 49 205 127 157 123 120 99 120 156 166 94 123 206 105 162 94 172 159 99 114 175 191 130 112 223 205 127 134 198 114 159 106 98 152 42 40 118 133 137 95 37 39 144 39 285 197 37 107 115 163 316 96 339 102 432 199 170 337 152 107 392 158 613 424 53 159 223 393 134 416 372 130 201 263 341 287 147 103 102 154 97 166 262 208 149 89 100 242 876 735 597 98 487 341 265 305 484 180 94 246 84 51 150 642 295 300 267 856 222 207 541 157 532 914 161 138 358 230 158 825 797 39 179 135 269 384 428 40 3208 ];
