goalReached = [1 1 0 1 1 1 1 1 1 0 1 1 1 0 ];
episodeCount = [802 829 2000 787 852 756 741 1125 693 2000 750 778 752 584 ];
totalTime = [17421.6 18612.61 10454.09 21876.29 9219.52 23333.69 22398.51 36286.91 23592.14 72569.47 26129.77 27261.35 25592.78 8575.11 ];
subtimes{1} = [18.0 4.0 5.0 7.0 3.0 5.0 7.0 5.0 5.0 11.0 9.0 15.0 17.0 14.0 6.0 16.0 5.0 18.0 11.0 7.0 11.0 6.0 16.0 15.0 20.0 16.0 9.0 8.0 9.0 5.0 8.0 15.0 16.0 18.0 13.0 4.0 8.0 15.0 17.0 10.0 4.0 8.0 18.0 12.0 15.0 19.0 22.0 16.0 13.0 12.0 21.0 19.0 4.0 8.0 19.0 8.0 9.0 13.0 25.0 7.0 23.0 13.0 5.0 19.0 6.0 10.0 12.0 17.0 16.0 19.0 4.0 6.0 19.0 5.0 17.0 12.0 16.0 6.0 11.0 5.0 19.0 11.0 8.0 6.0 9.0 6.0 7.0 10.0 7.0 8.0 13.0 19.0 7.0 11.0 9.0 11.0 10.0 8.0 22.0 23.0 10.0 7.0 23.0 19.0 8.0 23.0 19.0 8.0 23.0 18.0 10.0 10.0 20.0 7.0 12.0 19.0 22.0 22.0 7.0 10.0 12.0 19.0 22.0 12.0 11.0 10.0 11.0 9.0 20.0 23.0 20.0 18.0 10.0 8.0 10.0 10.0 20.0 8.0 12.0 10.0 8.0 24.0 8.0 8.0 11.0 8.0 21.0 11.0 20.0 9.0 12.0 9.0 20.0 24.0 20.0 24.0 12.0 9.0 9.0 11.0 8.0 8.0 9.0 20.0 9.0 11.0 9.0 21.0 12.0 20.0 19.0 12.0 22.0 20.0 10.0 20.0 22.0 24.0 22.0 21.0 12.0 22.0 22.0 12.0 9.0 9.0 23.0 9.0 9.0 23.0 8.0 20.0 24.0 8.0 21.0 13.0 21.0 20.0 26.0 21.0 20.0 12.0 23.0 21.0 24.0 22.0 21.0 23.0 22.0 20.0 24.0 22.0 9.0 11.0 8.0 21.0 11.0 21.0 21.0 24.0 8.0 20.0 23.0 10.0 9.0 10.0 10.0 10.0 10.0 20.0 23.0 23.0 20.0 21.0 23.0 22.0 21.0 23.0 21.0 22.0 24.0 21.0 22.0 23.0 8.0 10.0 23.0 22.0 22.0 24.0 8.0 20.0 13.0 8.0 22.0 24.0 8.0 9.0 23.0 22.0 20.0 23.0 20.0 22.0 11.0 20.0 8.0 13.0 10.0 10.0 13.0 9.0 9.0 24.0 9.0 20.0 24.0 19.0 21.0 24.0 20.0 23.0 13.0 21.0 12.0 14.0 39.0 23.0 23.0 9.0 19.0 11.0 10.0 20.0 23.0 20.0 21.0 11.0 11.0 8.0 10.0 9.0 8.0 10.0 7.0 7.0 11.0 9.0 8.0 11.0 10.0 8.0 11.0 10.0 10.0 11.0 7.0 8.0 11.0 7.0 7.0 11.0 7.0 9.0 11.0 7.0 8.0 11.0 7.0 9.0 11.0 7.0 7.0 11.0 6.0 9.0 11.0 8.0 7.0 11.0 8.0 8.0 11.0 7.0 8.0 9.0 7.0 7.0 10.0 7.0 9.0 11.0 9.0 11.0 12.0 8.0 8.0 11.0 9.0 10.0 10.0 21.0 8.0 13.0 10.0 12.0 14.0 6.0 8.0 11.0 9.0 9.0 11.0 7.0 21.0 11.0 7.0 11.0 12.0 9.0 9.0 10.0 7.0 36.0 16.0 8.0 11.0 11.0 10.0 11.0 29.0 8.0 24.0 44.0 21.0 13.0 25.0 9.0 13.0 16.0 9.0 9.0 18.0 20.0 20.0 17.0 21.0 12.0 19.0 20.0 20.0 11.0 16.0 19.0 22.0 20.0 21.0 22.0 7.0 9.0 15.0 19.0 22.0 10.0 23.0 13.0 12.0 12.0 10.0 12.0 13.0 14.0 11.0 13.0 13.0 10.0 9.0 7.0 12.0 9.0 10.0 10.0 7.0 7.0 13.0 13.0 8.0 10.0 8.0 9.0 21.0 6.0 9.0 10.0 7.0 6.0 12.0 8.0 12.0 11.0 8.0 7.0 10.0 9.0 7.0 11.0 9.0 7.0 13.0 9.0 21.0 10.0 10.0 7.0 10.0 11.0 9.0 11.0 8.0 11.0 13.0 10.0 21.0 25.0 13.0 8.0 11.0 9.0 25.0 13.0 11.0 11.0 10.0 10.0 11.0 13.0 11.0 10.0 14.0 12.0 8.0 13.0 10.0 10.0 13.0 10.0 9.0 13.0 12.0 11.0 13.0 8.0 13.0 15.0 10.0 8.0 14.0 11.0 8.0 12.0 10.0 12.0 25.0 15.0 20.0 26.0 21.0 10.0 16.0 9.0 13.0 23.0 8.0 9.0 15.0 15.0 13.0 24.0 7.0 10.0 24.0 12.0 11.0 12.0 21.0 14.0 22.0 21.0 9.0 16.0 12.0 24.0 14.0 8.0 11.0 23.0 21.0 20.0 24.0 21.0 19.0 12.0 12.0 12.0 22.0 20.0 20.0 26.0 20.0 21.0 12.0 24.0 12.0 37.0 21.0 16.0 36.0 21.0 7.0 14.0 19.0 20.0 26.0 20.0 25.0 24.0 21.0 21.0 13.0 14.0 38.0 15.0 25.0 19.0 27.0 20.0 10.0 16.0 20.0 9.0 14.0 22.0 10.0 18.0 37.0 21.0 24.0 24.0 14.0 39.0 21.0 20.0 23.0 32.0 22.0 38.0 20.0 12.0 13.0 21.0 14.0 29.0 22.0 32.0 13.0 22.0 20.0 35.0 85.0 39.0 27.0 21.0 37.0 24.0 27.0 11.0 26.0 10.0 35.0 52.0 21.0 23.0 24.0 17.0 33.0 35.0 31.0 21.0 25.0 35.0 19.0 23.0 31.0 51.0 26.0 31.0 9.0 48.0 32.0 32.0 23.0 33.0 42.0 21.0 21.0 30.0 12.0 21.0 30.0 37.0 30.0 21.0 25.0 33.0 21.0 21.0 23.0 21.0 22.0 32.0 40.0 36.0 20.0 41.0 35.0 50.0 35.0 12.0 22.0 37.0 53.0 33.0 40.0 64.0 34.0 57.0 20.0 11.0 51.0 45.0 57.0 11.0 85.0 45.0 34.0 11.0 64.0 38.0 36.0 35.0 28.0 36.0 32.0 33.0 37.0 34.0 52.0 46.0 16.0 41.0 44.0 17.0 129.0 65.0 65.0 58.0 31.0 33.0 46.0 36.0 41.0 43.0 37.0 62.0 81.0 50.0 126.0 34.0 65.0 58.0 81.0 61.0 30.0 44.0 45.0 34.0 34.0 36.0 67.0 41.0 56.0 79.0 46.0 27.0 40.0 62.0 27.0 47.0 34.0 58.0 44.0 191.0 10.0 39.0 48.0 52.0 45.0 21.0 70.0 66.0 69.0 32.0 47.0 31.0 65.0 64.0 62.0 99.0 165.0 43.0 111.0 40.0 96.0 53.0 115.0 48.0 90.0 28.0 26.0 22.0 52.0 48.0 101.0 109.0 33.0 23.0 19.0 114.0 58.0 18.0 101.0 733.0 ];
