goalReached = [0 ];
episodeCount = [3 ];
totalTime = [28.99 ];
subtimes{1} = [4.0 10.0 ];
c_OpponentsRight_carToTheRight{1} = [0 0 ];
c_OpponentsRight_carCloseToTheRight{1} = [0 0 ];
c_OpponentsRight_rightFree{1} = [205 418 ];
c_OpponentsRight_carFarToTheRight{1} = [0 0 ];
c_OpponentsRight_start{1} = [0 0 ];
c_OpponentsRight_default{1} = [0 0 ];
c_OpponentsBehind_start{1} = [0 0 ];
c_OpponentsBehind_carCloseBehind{1} = [0 0 ];
c_OpponentsBehind_carBehind{1} = [0 0 ];
c_OpponentsBehind_carFarbehind{1} = [0 0 ];
c_OpponentsBehind_behindFree{1} = [205 418 ];
c_OpponentsBehind_default{1} = [0 0 ];
c_OpponentsLeft_carCloseToTheLeft{1} = [0 0 ];
c_OpponentsLeft_carToTheLeft{1} = [0 0 ];
c_OpponentsLeft_start{1} = [0 0 ];
c_OpponentsLeft_carFarToTheLeft{1} = [0 0 ];
c_OpponentsLeft_leftFree{1} = [205 418 ];
c_OpponentsLeft_default{1} = [0 0 ];
c_OpponentsAhead_start{1} = [0 0 ];
c_OpponentsAhead_carCloseAhead{1} = [0 0 ];
c_OpponentsAhead_carAhead{1} = [0 0 ];
c_OpponentsAhead_carFarAhead{1} = [0 0 ];
c_OpponentsAhead_frontFree{1} = [205 418 ];
c_OpponentsAhead_default{1} = [0 0 ];
c_TrackPos_leftOffRoad{1} = [14 356 ];
c_TrackPos_limitRoad{1} = [16 6 ];
c_TrackPos_centerRoad{1} = [28 40 ];
c_TrackPos_start{1} = [0 0 ];
c_TrackPos_rightOffRoad{1} = [147 16 ];
c_TrackPos_default{1} = [0 0 ];
c_Damage_damaged{1} = [2 3 ];
c_Damage_normal{1} = [203 415 ];
c_Damage_start{1} = [0 0 ];
c_Damage_default{1} = [0 0 ];
c_Speed_Stuck{1} = [117 338 ];
c_Speed_Turning{1} = [24 20 ];
c_Speed_GoingStraight{1} = [64 60 ];
c_Speed_start{1} = [0 0 ];
c_Speed_default{1} = [0 0 ];
step{1} = [205 418 ];
rewardsPerEpisode{1} = [-71826.07 -576593.45 ];
rewardsPerStep{1}{1} = [-81.58 10.04 10.0 10.11 10.28 10.56 10.72 10.95 11.05 11.4 11.66 12.05 12.55 12.86 13.58 14.33 14.77 15.67 16.77 17.31 17.16 17.21 18.65 4.74 3.82 2.53 1.47 0.5 -10.84 -13.29 -17.13 -21.78 -67.17 -26.82 -26.72 -46.81 -56.91 -66.92 -76.93 -86.93 -96.94 -106.94 -116.95 -126.95 -136.96 -146.96 -156.96 -166.97 -176.97 -186.98 -196.99 -206.99 -216.99 -227.0 -237.01 -247.02 -257.03 -267.04 -277.05 -287.06 -297.06 -307.08 -317.09 -327.09 -337.1 -347.1 -357.11 -367.12 -377.13 -387.16 -397.18 -407.18 -417.18 -427.2 -437.21 -447.22 -457.24 -467.26 -477.27 -487.26 -497.27 -507.27 -517.27 -527.27 -537.29 -547.3 -557.3 -567.31 -577.34 -587.36 -597.37 -607.38 -617.39 -627.4 -637.4 -647.4 -657.4 -667.4 -677.4 -687.4 -697.4 -707.39 -717.4 -727.42 -737.43 -747.42 -757.43 -767.47 -777.5 -787.51 -797.53 -807.53 -817.56 -827.57 -837.57 -847.57 -857.59 -867.6 -877.61 -887.65 -897.66 -907.66 -917.69 -927.71 -937.72 -947.72 -957.75 -967.77 -977.82 -987.82 -997.87 -1007.9 -1017.98 -1028.07 -1038.1 -1048.12 -1058.16 -1068.22 -1078.21 -1088.19 -1098.2 -1108.22 -1118.22 -1128.36 -1138.31 -1148.31 -1158.29 -1168.31 -1178.31 -1188.26 -28.15 -28.06 -28.09 -28.14 -28.03 -27.95 -27.9 -27.9 -27.73 -27.63 -27.31 -27.01 -26.43 -25.43 -24.66 -24.3 -24.39 -24.58 -24.0 -22.8 -20.85 -18.35 -15.86 -13.63 -11.34 1.01 3.29 17.82 12.04 13.2 17.4 19.9 4.36 3.72 3.09 2.69 2.75 2.24 1.43 1.01 0.27 -11.22 -14.1 -17.77 -61.41 -20.65 -20.28 -20.1 -20.01 -19.94 -19.81 -19.58 -19.44 -39.67 -49.72 ];
rewardsPerStep{1}{2} = [-49.72 10.05 10.05 10.05 10.2 10.25 10.22 10.44 10.78 11.33 11.8 12.0 12.45 12.97 13.69 14.28 14.99 16.28 17.5 17.97 17.93 17.58 17.17 16.45 15.13 13.03 10.47 10.6 10.79 12.07 13.32 13.22 12.62 11.24 10.99 13.02 15.97 18.85 3.67 1.79 -10.04 -12.7 -15.3 -17.94 -19.5 -20.34 -21.16 -21.72 -22.92 -62.97 -22.59 -22.58 -22.12 -20.55 -17.9 -14.2 0.28 3.2 16.55 11.43 4.94 0.44 -17.97 -79.47 -49.49 -59.47 -69.46 -79.46 -89.46 -99.45 -109.45 -119.45 -129.45 -139.45 -149.45 -159.45 -169.45 -179.45 -189.45 -199.45 -209.45 -219.45 -229.45 -239.45 -249.45 -259.45 -269.45 -279.45 -289.45 -299.45 -309.45 -319.45 -329.45 -339.45 -349.45 -359.45 -369.45 -379.45 -389.45 -399.45 -409.44 -419.44 -429.44 -439.44 -449.44 -459.44 -469.44 -479.44 -489.44 -499.44 -509.44 -519.44 -529.44 -539.44 -549.44 -559.44 -569.44 -579.44 -589.44 -599.44 -609.44 -619.44 -629.44 -639.44 -649.44 -659.44 -669.44 -679.44 -689.44 -699.44 -709.44 -719.44 -729.44 -739.44 -749.44 -759.44 -769.44 -779.44 -789.44 -799.44 -809.44 -819.44 -829.44 -839.44 -849.44 -859.44 -869.44 -879.44 -889.44 -899.44 -909.44 -919.44 -929.44 -939.44 -949.44 -959.44 -969.44 -979.44 -989.44 -999.44 -1009.44 -1019.44 -1029.45 -1039.45 -1049.45 -1059.45 -1069.45 -1079.45 -1089.45 -1099.45 -1109.45 -1119.45 -1129.45 -1139.45 -1149.45 -1159.45 -1169.45 -1179.45 -1189.46 -1199.46 -1209.46 -1219.46 -1229.47 -1239.47 -1249.47 -1259.47 -1269.48 -1279.48 -1289.48 -1299.48 -1309.48 -1319.48 -1329.48 -1339.49 -1349.49 -1359.49 -1369.49 -1379.49 -1389.5 -1399.5 -1409.5 -1419.5 -1429.5 -1439.5 -1449.51 -1459.51 -1469.51 -1479.51 -1489.52 -1499.52 -1509.53 -1519.53 -1529.54 -1539.54 -1549.55 -1559.55 -1569.56 -1579.57 -1589.57 -1599.57 -1609.57 -1619.57 -1629.57 -1639.58 -1649.58 -1659.58 -1669.58 -1679.58 -1689.58 -1699.58 -1709.59 -1719.59 -1729.59 -1739.59 -1749.6 -1759.6 -1769.6 -1779.6 -1789.6 -1799.6 -1809.61 -1819.61 -1829.62 -1839.62 -1849.62 -1859.63 -1869.63 -1879.64 -1889.64 -1899.65 -1909.65 -1919.66 -1929.67 -1939.67 -1949.67 -1959.68 -1969.68 -1979.68 -1989.68 -1999.68 -2009.68 -2019.68 -2029.68 -2039.68 -2049.68 -2059.68 -2069.68 -2079.68 -2089.68 -2099.68 -2109.69 -2119.69 -2129.69 -2139.69 -2149.69 -2159.7 -2169.7 -2179.71 -2189.72 -2199.73 -2209.75 -2219.76 -2229.78 -2239.79 -2249.81 -2259.82 -2269.83 -2279.83 -2289.84 -2299.84 -2309.84 -2319.84 -2329.85 -2339.85 -2349.86 -2359.86 -2369.87 -2379.88 -2389.89 -2399.9 -2409.9 -2419.9 -2429.92 -2439.92 -2449.93 -2459.93 -2469.93 -2479.94 -2489.94 -2499.94 -2509.95 -2519.95 -2529.96 -2539.97 -2549.97 -2559.97 -2569.98 -2579.98 -2589.99 -2600.0 -2610.01 -2620.02 -2630.03 -2640.05 -2650.06 -2660.07 -2670.08 -2680.09 -2690.11 -2700.12 -2710.13 -2720.14 -2730.15 -2740.16 -2750.17 -2760.18 -2770.19 -2780.19 -2790.2 -2800.2 -2810.2 -2820.21 -2830.23 -2840.24 -2850.24 -2860.26 -2870.29 -2880.31 -2890.33 -2900.35 -2910.38 -2920.41 -2930.42 -2940.44 -2950.46 -2960.47 -2970.47 -2980.48 -2990.48 -3000.49 -3010.5 -3020.51 -3030.51 -3040.53 -3050.55 -3060.57 -3070.58 -3080.6 -3090.62 -3100.64 -3110.67 -3120.72 -3130.78 -3140.84 -3150.91 -3160.96 -3171.0 -3181.07 -3191.12 -3201.17 -3211.25 -3221.35 -3231.38 -3241.4 -3251.44 -3261.5 -3271.53 -3281.55 -3291.57 -3301.62 -3311.65 -3321.69 -3331.77 -3341.86 -3351.97 -3362.06 -3372.14 -3382.2 -3392.2 -22.37 -22.44 -22.52 -22.61 -22.42 -21.84 -20.91 -19.95 -19.16 -19.01 -19.4 -20.45 -61.68 -21.22 -20.42 -19.8 -19.45 -39.6 -49.85 ];
