goalReached = [0 ];
episodeCount = [2 ];
totalTime = [1.8 ];
subtimes{1} = [1.0 ];
c_OpponentsRight_carToTheRight{1} = [0 ];
c_OpponentsRight_carCloseToTheRight{1} = [0 ];
c_OpponentsRight_rightFree{1} = [75 ];
c_OpponentsRight_carFarToTheRight{1} = [0 ];
c_OpponentsRight_start{1} = [0 ];
c_OpponentsRight_default{1} = [0 ];
c_OpponentsBehind_start{1} = [0 ];
c_OpponentsBehind_carCloseBehind{1} = [0 ];
c_OpponentsBehind_carBehind{1} = [0 ];
c_OpponentsBehind_carFarbehind{1} = [0 ];
c_OpponentsBehind_behindFree{1} = [75 ];
c_OpponentsBehind_default{1} = [0 ];
c_OpponentsLeft_carCloseToTheLeft{1} = [0 ];
c_OpponentsLeft_carToTheLeft{1} = [0 ];
c_OpponentsLeft_start{1} = [0 ];
c_OpponentsLeft_carFarToTheLeft{1} = [0 ];
c_OpponentsLeft_leftFree{1} = [75 ];
c_OpponentsLeft_default{1} = [0 ];
c_OpponentsAhead_start{1} = [0 ];
c_OpponentsAhead_carCloseAhead{1} = [0 ];
c_OpponentsAhead_carAhead{1} = [0 ];
c_OpponentsAhead_carFarAhead{1} = [0 ];
c_OpponentsAhead_frontFree{1} = [75 ];
c_OpponentsAhead_default{1} = [0 ];
c_TrackPos_leftOffRoad{1} = [13 ];
c_TrackPos_limitRoad{1} = [7 ];
c_TrackPos_centerRoad{1} = [25 ];
c_TrackPos_start{1} = [0 ];
c_TrackPos_rightOffRoad{1} = [30 ];
c_TrackPos_default{1} = [0 ];
c_Damage_damaged{1} = [2 ];
c_Damage_normal{1} = [73 ];
c_Damage_start{1} = [0 ];
c_Damage_default{1} = [0 ];
c_Speed_Stuck{1} = [2 ];
c_Speed_Turning{1} = [14 ];
c_Speed_GoingStraight{1} = [59 ];
c_Speed_start{1} = [0 ];
c_Speed_default{1} = [0 ];
step{1} = [75 ];
rewardsPerEpisode{1} = [-2613.23 ];
rewardsPerStep{1}{1} = [-1809.85 10.05 10.01 10.09 10.23 10.5 10.61 10.74 10.73 10.98 11.16 11.45 11.83 12.14 12.94 13.86 14.67 16.09 17.65 18.75 19.22 4.99 3.87 2.49 1.08 -11.46 -14.73 -17.85 -20.94 -24.49 -68.49 -28.06 -27.97 -28.13 -28.31 -28.51 -28.75 -28.84 -28.98 -29.12 -29.16 -29.22 -29.31 -29.36 -29.39 -29.15 -29.09 -28.81 -27.98 -26.49 -24.64 -22.18 -19.34 -16.09 -12.17 1.19 3.98 16.05 10.51 14.55 19.81 2.41 -11.07 -16.34 -60.64 -20.77 -21.05 -21.19 -20.99 -20.48 -19.83 -19.46 -19.57 -39.97 -49.61 ];
rewardsPerStep{1}{2} = [-49.61 10.08 10.13 10.16 10.08 10.06 10.09 10.21 10.45 10.5 10.74 11.3 11.82 11.97 12.14 12.73 13.93 15.2 16.11 17.68 4.94 3.36 1.39 -11.89 -17.13 -22.65 -28.56 -69.1 -29.28 -29.52 -49.6 -59.64 -69.68 -79.72 -89.73 -99.73 -109.73 -119.75 -129.76 -139.75 -149.76 -159.77 -169.78 -179.79 -189.82 -199.83 ];
trackPos{1}{1} = [0.00263195 0.00226542 0.0005277 -0.00464656 -0.0116607 -0.0250959 -0.0305646 -0.0372125 -0.0366795 -0.0489698 -0.0577906 -0.0725123 -0.0916188 -0.106861 -0.146965 -0.192758 -0.233559 -0.304415 -0.382412 -0.437275 -0.46082 -0.501435 -0.613345 -0.751155 -0.892004 -1.07319 -1.2364 -1.39265 -1.54681 -1.72431 -1.92457 -1.90291 -1.89866 -1.90656 -1.91538 -1.92529 -1.93756 -1.94181 -1.94892 -1.95596 -1.95818 -1.96094 -1.9656 -1.96787 -1.96931 -1.95762 -1.95462 -1.94065 -1.89915 -1.82451 -1.73193 -1.60883 -1.46716 -1.30449 -1.10854 -0.881414 -0.60166 -0.302305 -0.0254196 0.227392 0.490542 0.758775 1.05371 1.31723 1.53192 1.53863 1.55247 1.55971 1.54934 1.52389 1.49149 1.4731 1.47843 1.49838 1.48072 ];
trackPos{1}{2} = [0.00254358 0.00391006 0.00671806 0.00820802 0.00376536 0.0031868 -0.0043347 -0.0103571 -0.0225243 -0.0248988 -0.036773 -0.0650495 -0.0908434 -0.098451 -0.107162 -0.136684 -0.19649 -0.259849 -0.305327 -0.384086 -0.50575 -0.664089 -0.860745 -1.09437 -1.35672 -1.63234 -1.92809 -1.95486 -1.96382 -1.97586 -1.98 -1.98196 -1.9842 -1.98586 -1.98631 -1.98656 -1.98636 -1.9873 -1.98793 -1.98764 -1.98785 -1.98867 -1.98892 -1.98933 -1.99113 -1.9916 ];
speedX{1}{1} = [-0.0486642 1.45714 3.19832 4.91708 6.79821 7.71944 8.70032 9.86811 11.2802 12.1498 13.04 14.4995 16.6195 19.2734 20.4671 23.3818 24.7861 24.819 28.3333 30.7098 34.1228 36.4115 39.2072 40.9129 41.9964 45.7931 49.6873 55.525 55.2516 55.9596 33.9001 27.4941 23.5459 18.0507 14.5791 12.9196 12.3884 10.6889 11.6787 12.2113 13.9284 15.6462 18.363 20.7194 21.5621 21.0295 22.5311 24.1009 26.1242 28.2387 31.0597 32.4966 35.0481 37.8774 42.777 45.6754 50.5893 50.6758 51.2022 52.6476 54.2425 55.0844 56.2309 58.0301 45.1763 43.3722 43.4752 43.4023 42.5405 38.0699 29.5199 20.86 10.9166 2.58488 -4.92144 ];
speedX{1}{2} = [0.141915 2.16653 3.3342 4.49628 5.76355 7.35455 7.96589 9.47559 10.3878 12.1272 14.0524 16.3454 18.656 19.8466 22.0885 23.2264 26.5316 28.7745 31.7017 34.465 38.768 38.7565 43.3425 44.8457 47.2453 50.8941 50.4913 17.4268 14.2184 10.6643 3.66831 2.1437 2.16572 1.77814 1.02464 0.718831 0.564409 1.42714 1.06805 0.287463 0.51147 1.33145 0.918411 1.32367 2.26854 0.674874 ];
damage{1}{1} = [0.0 0.0 0.0 0.0 0.0 0.0 0.0 0.0 0.0 0.0 0.0 0.0 0.0 0.0 0.0 0.0 0.0 0.0 0.0 0.0 0.0 0.0 0.0 0.0 0.0 0.0 0.0 0.0 0.0 0.0 186.0 186.0 186.0 186.0 186.0 186.0 186.0 186.0 186.0 186.0 186.0 186.0 186.0 186.0 186.0 186.0 186.0 186.0 186.0 186.0 186.0 186.0 186.0 186.0 186.0 186.0 186.0 186.0 186.0 186.0 186.0 186.0 186.0 186.0 256.0 256.0 256.0 256.0 256.0 256.0 256.0 256.0 256.0 256.0 256.0 ];
damage{1}{2} = [0.0 0.0 0.0 0.0 0.0 0.0 0.0 0.0 0.0 0.0 0.0 0.0 0.0 0.0 0.0 0.0 0.0 0.0 0.0 0.0 0.0 0.0 0.0 0.0 0.0 0.0 0.0 393.0 393.0 393.0 393.0 393.0 393.0 393.0 393.0 393.0 393.0 393.0 393.0 393.0 393.0 393.0 393.0 393.0 393.0 393.0 ];
steering{1}{1} = [-0.798133290468 -1.0 -0.63272648132 -1.0 -0.604533470372 -1.0 0.716817344896 -0.0649039490887 0.858699606366 -1.0 1.0 -0.973721406881 0.251494290166 0.202258780201 -0.925456946756 0.306932384097 0.168893633951 -0.92354129428 0.373367187729 0.935956636052 0.854365828469 -1.0 -0.86724478466 0.912410632472 -1.0 0.424602125669 0.533034015217 0.173682350022 0.176177698828 -1.0 -0.0601134723369 -0.480372920153 -0.618977027074 -0.441463284718 -0.0294383524317 1.0 1.0 0.160911950555 1.0 0.434954734665 1.0 0.488188704323 0.301919792898 0.315879579789 0.0257479375687 -1.0 0.447439350616 0.735351677481 1.0 1.0 0.428777123445 1.0 0.00433878896148 1.0 0.0174636279828 1.0 0.38913280344 0.0308790102153 -1.0 0.562068926128 -0.1320721961 1.0 -0.540001700134 -0.392143366828 0.0433246226382 -1.0 -0.100699298362 -0.0741363761692 0.138140931531 0.294996736298 -0.106749539222 -1.0 -0.772607166905 0.206785347343 -0.233683620709 ];
steering{1}{2} = [0.352158759332 0.700814679645 0.600766533783 0.0393436876597 -1.0 0.316693277 -1.0 0.0320177669512 -0.557183276671 0.905612753087 -0.848568558911 -0.62722664498 0.154621928203 0.866636210736 0.191679665041 -0.433915028485 -0.75685568177 1.0 0.240680713108 -0.977238462859 -0.0574757848983 -1.0 0.0413023775593 -0.747316196701 0.405399147322 -0.261570688786 0.0798526098982 0.815626048834 0.694414063269 0.285110635009 -0.638876417762 1.0 1.0 0.745818222744 -0.194820105835 0.600242507154 0.236512673699 1.0 0.0897333294431 -0.880487733767 0.155987123936 1.0 -0.50624855637 0.667208480058 0.969181380331 -1.0 ];
accel{1}{1} = [0.450973593815 0.520669642578 0.533726363627 0.642533906144 0.618644692772 0.430059114622 0.378277296654 0.368551570695 0.512081412404 0.464328223902 0.404260381731 0.547173833958 0.611872294005 0.626344308113 0.556989993703 0.619338116775 0.326972556394 0.282911786038 0.646661954206 0.569773634074 0.530471654756 0.525265518616 0.519841032479 0.420965292598 0.370574463737 0.577360963716 0.563528255611 0.655417616071 0.491410149173 0.590574179414 0.463056823422 0.573321805194 0.532977231231 0.422380059572 0.516477078262 0.615333013441 0.319886443842 0.592251643129 0.514299683154 0.383985785737 0.650259288705 0.471846095859 0.680874006355 0.555919383098 0.325709816952 0.54236782909 0.45080397031 0.422795591066 0.539585141536 0.449615829764 0.438641823724 0.436830117404 0.363483094283 0.591379578191 0.61574271405 0.543075135062 0.597686198372 0.584195290596 0.548605167673 0.545760745736 0.431222278258 0.554105356829 0.488297753542 0.507013306061 0.527340302846 0.4560660599 0.361818750141 0.559235188371 0.547752131342 0.634484692503 0.535877302501 0.543758611909 0.502997904171 0.551669541042 0.624670280928 ];
