step{1} = [149 124 233 227 628 236 118 208 143 246 219 232 137 223 215 380 249 258 215 201 587 267 319 124 315 618 241 221 610 661 320 397 216 994 940 837 219 116 315 128 249 2866 2833 1029 1504 482 3241 97 1514 208 450 2424 649 997 1396 1189 498 2099 979 137 322 548 1096 676 575 619 1022 430 459 1380 5002 6994 1341 10246 161 4034 12202 ];
step{2} = [149 121 99 249 229 92 440 228 225 241 222 216 214 125 226 238 222 256 136 55 219 218 130 188 251 129 384 220 142 78 124 134 120 235 254 128 135 215 153 569 236 127 228 222 145 148 222 223 227 125 222 137 111 239 121 217 243 209 114 217 210 232 215 127 362 251 223 239 431 213 209 115 186 98 104 49 134 95 68 68 94 48 53 102 100 101 58 52 48 53 98 98 99 98 110 96 117 48 134 80 79 50 110 101 47 45 48 111 57 49 104 47 27 47 49 57 54 60 66 59 112 81 61 42 50 49 83 66 52 75 49 61 48 49 69 55 45 66 56 66 49 58 66 106 64 49 71 95 70 85 49 48 50 55 66 43 47 58 73 56 47 84 43 58 64 71 96 26 77 109 51 58 129 50 61 165 49 114 65 73 110 74 63 107 60 78 119 47 78 59 23 111 60 106 25 185 79 41 113 55 62 93 43 117 378 627 1829 6930 ];
step{3} = [90 143 51 229 873 121 207 126 148 152 463 208 106 277 222 274 252 135 151 220 288 256 151 491 265 286 218 603 286 239 236 222 155 150 259 227 232 260 261 151 118 336 155 163 669 256 444 137 580 396 150 276 245 612 263 823 362 575 228 235 336 660 588 234 508 1017 604 486 263 2879 11863 15513 ];
step{4} = [149 131 128 200 260 194 210 145 145 128 137 190 121 131 213 140 226 231 229 574 171 452 222 226 221 307 246 126 255 247 379 374 129 674 227 329 252 814 227 216 250 236 565 569 219 1166 443 192 257 246 475 219 144 215 257 474 1243 583 470 747 699 343 1625 561 268 277 1223 1003 229 249 835 1604 2051 1403 1806 586 638 7304 ];
step{5} = [154 92 112 152 123 137 111 57 129 301 140 141 211 122 155 105 212 103 53 95 127 111 87 145 140 276 216 189 138 97 213 141 247 217 128 105 151 209 222 135 141 216 248 245 222 284 144 496 310 249 195 215 156 213 217 221 277 219 273 274 213 220 128 115 113 452 281 302 209 147 193 257 307 545 123 532 229 607 139 558 230 397 662 674 1034 576 668 655 568 230 222 4966 7589 ];
step{6} = [102 136 121 215 219 125 118 124 150 131 142 136 325 123 133 170 148 195 99 156 54 214 518 181 97 85 215 222 143 244 115 215 256 224 220 191 115 791 381 268 220 258 219 243 226 218 136 281 179 128 222 128 264 573 327 309 215 272 90 288 220 1258 3003 134 938 2486 1296 759 2612 1506 233 1999 7169 ];
step{7} = [152 126 95 219 253 94 150 220 128 72 119 245 171 202 220 218 238 222 115 240 224 243 117 517 227 231 261 183 131 119 151 484 145 906 480 148 220 231 218 121 247 223 104 227 377 246 580 137 251 281 217 128 253 223 226 225 560 249 225 249 118 913 1129 556 1640 247 1275 829 426 14624 ];
step{8} = [150 123 225 241 117 145 230 195 221 246 98 199 86 204 67107 132 133 132 131 132 72 59 132 131 131 132 131 132 132 133 131 1 131 133 132 133 134 132 131 77 52 131 131 98 33 131 131 69 59 71 59 130 71 59 71 59 129 129 96 35 131 130 86 44 102 28 130 130 69 59 130 130 71 59 72 58 71 59 72 59 89 41 71 59 68 59 70 59 70 59 71 58 96 34 128 69 59 71 60 70 60 69 59 69 59 127 129 69 60 69 58 69 59 70 59 69 60 69 60 70 59 68 60 70 59 70 59 68 60 68 59 70 59 69 59 68 59 69 59 68 59 68 60 69 59 68 60 68 60 68 59 68 59 69 59 68 59 68 60 72 55 68 59 68 59 68 60 67 60 68 60 67 59 67 59 68 59 67 59 67 60 67 67 67 60 68 66 66 67 59 67 67 60 67 60 67 67 59 67 67 66 65 66 67 59 66 67 66 66 60 66 65 65 67 59 67 65 66 67 65 67 66 66 66 66 66 66 67 66 65 65 64 66 67 65 65 65 66 66 65 66 66 65 65 65 66 66 66 65 65 64 65 65 65 66 65 65 64 66 65 65 65 65 65 65 65 65 65 65 65 64 64 65 64 65 64 64 65 64 65 64 64 64 64 64 64 65 64 64 64 64 64 64 64 64 64 64 64 64 63 64 64 64 66 64 63 64 64 63 64 63 64 64 63 63 64 63 63 63 63 63 63 63 64 63 64 63 63 64 63 63 63 63 63 63 63 63 63 62 63 63 63 62 63 63 62 63 63 63 62 62 62 63 63 63 62 63 63 62 63 63 62 63 62 62 63 62 62 62 62 63 62 62 62 62 62 62 62 62 62 62 63 62 62 62 62 62 62 62 62 61 62 62 62 62 62 62 62 61 61 61 62 62 61 62 61 61 62 61 61 62 62 61 61 61 61 61 61 61 61 61 61 61 61 61 61 61 61 61 61 61 61 61 61 61 61 61 60 61 60 61 61 61 61 60 60 61 61 60 60 61 61 60 60 60 60 60 60 60 60 60 60 60 60 60 60 60 60 60 60 60 60 60 60 60 60 60 60 60 60 60 60 60 60 60 60 60 60 60 60 60 60 60 60 60 60 60 60 60 60 60 60 60 60 60 60 60 60 60 60 60 60 60 60 60 60 60 60 60 60 60 60 60 60 60 60 60 60 60 60 60 60 60 60 60 60 60 60 60 60 60 60 60 60 60 60 60 60 60 60 60 60 60 60 60 60 60 60 60 60 60 60 60 60 60 60 60 60 60 60 60 60 60 60 60 60 60 60 60 60 60 60 60 60 60 60 60 60 60 60 60 60 60 60 60 60 60 60 60 60 60 60 60 60 60 60 60 60 60 60 60 60 60 60 60 60 60 60 60 60 60 60 60 60 60 60 60 60 60 60 60 60 60 60 60 60 60 60 60 60 60 60 60 60 60 60 60 60 60 60 60 60 60 60 60 60 60 60 60 60 60 60 60 60 60 60 60 60 60 60 60 60 60 60 60 60 60 60 60 60 60 60 60 60 60 60 60 60 60 60 60 60 60 60 60 60 60 60 60 60 60 60 60 60 60 60 60 60 60 60 60 60 60 60 60 60 60 60 60 60 60 60 60 60 60 60 60 60 60 60 60 60 60 60 60 60 60 60 60 60 60 60 60 60 60 60 60 60 60 60 60 60 60 60 60 60 60 60 60 60 60 60 60 60 60 60 60 60 60 60 60 60 60 60 60 60 60 60 60 60 60 60 60 60 60 60 60 60 60 60 60 60 60 60 60 60 60 60 60 60 60 60 60 60 60 60 60 60 60 60 60 60 60 60 60 60 60 60 60 60 60 60 60 60 60 60 60 60 60 60 60 60 60 60 60 60 60 60 60 60 60 60 60 60 60 60 60 60 60 60 60 60 60 60 60 60 60 60 60 60 60 60 60 60 60 60 60 60 60 60 60 60 60 60 60 60 60 60 60 60 60 60 60 60 60 60 60 60 60 60 60 60 60 60 60 60 60 60 60 60 60 60 60 60 60 60 60 60 60 60 60 60 60 60 60 60 60 60 60 60 60 60 60 60 60 60 60 60 60 60 60 60 60 60 60 60 60 60 60 60 60 60 60 60 60 60 60 60 60 60 60 60 60 60 60 60 60 60 60 60 60 60 60 60 60 60 60 60 60 60 60 60 60 60 60 60 60 60 60 60 60 60 60 60 60 60 60 60 60 60 60 60 60 60 60 60 60 60 60 60 60 60 60 60 60 60 60 60 60 60 60 60 60 60 60 60 60 60 60 60 60 60 60 60 60 60 60 60 60 60 60 60 60 60 60 60 60 60 60 60 60 60 60 60 60 60 60 60 60 60 60 60 60 60 60 60 60 60 60 60 60 60 60 60 60 60 60 60 60 60 60 60 60 60 60 60 60 60 60 60 60 60 60 60 60 60 60 60 60 60 60 60 60 60 60 60 60 60 60 60 60 60 60 60 60 60 60 60 60 60 60 60 60 60 60 60 60 60 60 60 60 60 60 60 60 60 60 60 60 60 60 60 60 60 60 60 60 60 60 60 60 60 60 60 60 60 60 60 60 60 60 60 60 60 60 60 60 60 60 60 60 60 60 60 60 60 60 60 60 60 60 60 60 60 60 60 60 60 60 60 60 60 60 60 60 60 60 60 60 60 60 60 60 60 60 60 60 60 60 60 60 60 60 60 60 60 60 60 60 60 60 60 60 60 60 60 60 60 60 60 60 60 60 60 60 60 60 60 60 60 60 60 60 60 60 60 60 60 60 60 60 60 60 60 60 60 60 60 60 60 60 60 60 60 60 60 60 60 60 60 60 60 60 60 60 60 60 60 60 60 60 60 60 60 60 60 60 60 60 60 60 60 60 60 60 60 60 60 60 60 60 60 60 60 60 60 60 60 60 60 60 60 60 60 60 60 60 60 60 60 60 60 60 60 60 60 60 60 60 60 60 60 60 60 60 60 60 60 60 60 60 60 60 60 60 60 60 60 60 60 60 60 60 60 60 60 60 60 60 60 60 60 60 60 60 60 60 60 60 60 60 60 60 60 60 60 60 60 60 60 60 60 60 60 60 60 60 60 60 60 60 60 60 60 60 60 60 60 60 60 60 60 60 60 60 60 60 60 60 60 60 60 60 60 60 60 60 60 60 60 60 60 60 60 60 60 60 60 60 60 60 60 60 60 60 60 60 60 60 60 60 60 60 60 60 60 60 60 60 60 60 60 60 60 60 60 60 60 60 60 60 60 60 60 60 60 60 60 60 60 60 60 60 60 60 60 60 60 60 60 60 60 60 60 60 60 60 60 60 60 60 60 60 60 60 60 60 60 60 60 60 60 60 60 60 60 60 60 60 60 60 60 60 60 60 60 60 60 60 60 60 60 60 60 60 60 60 60 60 60 60 60 60 60 60 60 60 60 60 60 60 60 60 60 60 60 60 60 60 60 60 60 60 60 60 60 60 60 60 60 60 60 60 60 60 60 60 60 60 60 60 60 60 60 60 60 60 60 60 60 60 60 60 60 60 60 60 60 60 60 60 60 60 60 60 60 60 60 60 60 60 60 60 60 60 60 60 60 60 60 60 60 60 60 60 60 60 60 60 60 60 60 60 60 60 60 60 60 60 60 60 60 60 60 60 60 60 60 60 60 60 60 60 60 60 60 60 60 60 60 60 60 60 60 60 60 60 60 60 60 60 60 60 60 60 60 60 60 60 60 60 60 60 60 60 60 60 60 60 60 60 60 60 60 60 60 60 60 60 60 60 60 60 60 60 60 60 60 60 60 60 60 60 60 60 60 60 60 60 60 60 60 60 60 60 60 60 60 60 60 60 60 60 60 60 60 60 60 60 60 60 60 60 60 60 60 60 60 60 60 60 60 60 60 60 60 60 60 60 60 60 60 