goalReached = [1 1 1 1 1 1 1 0 1 1 1 0 ];
episodeCount = [77 208 72 78 93 73 70 2000 110 58 93 93 ];
totalTime = [6011.57 2563.75 3831.34 3209.23 2812.65 2991.52 3103.73 18743.85 5631.46 3533.38 4241.06 3979.14 ];
subtimes{1} = [11.0 7.0 14.0 16.0 39.0 16.0 10.0 13.0 10.0 18.0 14.0 15.0 11.0 14.0 15.0 26.0 16.0 16.0 16.0 13.0 37.0 19.0 21.0 8.0 22.0 39.0 16.0 17.0 39.0 41.0 23.0 25.0 14.0 65.0 63.0 55.0 17.0 7.0 21.0 13.0 16.0 193.0 197.0 70.0 104.0 37.0 228.0 7.0 105.0 14.0 31.0 173.0 47.0 71.0 100.0 85.0 35.0 154.0 74.0 10.0 24.0 41.0 79.0 50.0 41.0 44.0 79.0 33.0 33.0 99.0 363.0 500.0 98.0 727.0 12.0 287.0 877.0 ];
subtimes{2} = [12.0 9.0 6.0 18.0 16.0 6.0 32.0 15.0 16.0 19.0 16.0 14.0 16.0 9.0 15.0 18.0 16.0 19.0 11.0 5.0 15.0 17.0 8.0 13.0 21.0 8.0 26.0 17.0 11.0 7.0 10.0 11.0 10.0 18.0 17.0 9.0 11.0 15.0 11.0 40.0 16.0 9.0 17.0 15.0 10.0 12.0 16.0 16.0 17.0 10.0 15.0 13.0 7.0 17.0 10.0 15.0 16.0 19.0 7.0 15.0 17.0 17.0 16.0 10.0 26.0 18.0 19.0 16.0 30.0 17.0 15.0 8.0 15.0 6.0 9.0 6.0 10.0 6.0 7.0 5.0 6.0 7.0 4.0 7.0 10.0 7.0 6.0 6.0 3.0 4.0 10.0 7.0 8.0 9.0 8.0 8.0 10.0 3.0 9.0 8.0 7.0 3.0 11.0 6.0 3.0 6.0 3.0 7.0 7.0 3.0 9.0 5.0 2.0 3.0 6.0 6.0 4.0 6.0 5.0 4.0 10.0 5.0 4.0 5.0 4.0 3.0 8.0 5.0 3.0 7.0 5.0 4.0 5.0 3.0 5.0 6.0 3.0 5.0 6.0 5.0 5.0 6.0 4.0 8.0 7.0 3.0 6.0 8.0 6.0 5.0 5.0 3.0 4.0 6.0 4.0 5.0 5.0 4.0 5.0 8.0 3.0 6.0 7.0 4.0 4.0 9.0 6.0 2.0 8.0 7.0 6.0 6.0 9.0 5.0 6.0 13.0 3.0 11.0 4.0 6.0 10.0 5.0 5.0 9.0 6.0 5.0 11.0 3.0 5.0 6.0 4.0 7.0 6.0 8.0 2.0 16.0 6.0 3.0 10.0 5.0 4.0 8.0 4.0 8.0 30.0 43.0 133.0 494.0 ];
subtimes{3} = [8.0 11.0 3.0 19.0 59.0 9.0 18.0 9.0 11.0 13.0 32.0 14.0 11.0 19.0 15.0 22.0 18.0 11.0 13.0 16.0 19.0 21.0 12.0 36.0 20.0 20.0 16.0 46.0 20.0 16.0 19.0 15.0 12.0 12.0 20.0 16.0 18.0 18.0 21.0 12.0 10.0 24.0 13.0 11.0 48.0 20.0 31.0 10.0 46.0 29.0 12.0 23.0 18.0 45.0 21.0 59.0 26.0 45.0 16.0 16.0 27.0 50.0 45.0 20.0 36.0 74.0 46.0 35.0 19.0 208.0 876.0 1150.0 ];
subtimes{4} = [13.0 10.0 9.0 18.0 18.0 14.0 18.0 11.0 12.0 11.0 10.0 15.0 12.0 9.0 16.0 13.0 16.0 17.0 20.0 43.0 12.0 35.0 16.0 17.0 18.0 24.0 17.0 12.0 18.0 18.0 31.0 28.0 10.0 53.0 16.0 25.0 21.0 61.0 18.0 18.0 18.0 17.0 43.0 43.0 16.0 88.0 33.0 15.0 21.0 19.0 35.0 18.0 12.0 16.0 22.0 34.0 92.0 45.0 36.0 54.0 57.0 27.0 122.0 45.0 20.0 21.0 94.0 81.0 18.0 21.0 64.0 121.0 157.0 108.0 140.0 47.0 48.0 567.0 ];
subtimes{5} = [17.0 8.0 8.0 14.0 11.0 9.0 11.0 4.0 10.0 24.0 11.0 12.0 19.0 10.0 11.0 11.0 15.0 7.0 7.0 7.0 10.0 10.0 7.0 12.0 12.0 21.0 16.0 16.0 10.0 7.0 19.0 11.0 18.0 18.0 10.0 7.0 14.0 16.0 17.0 13.0 11.0 16.0 21.0 19.0 18.0 24.0 12.0 37.0 27.0 19.0 16.0 18.0 12.0 16.0 18.0 16.0 21.0 20.0 21.0 21.0 18.0 16.0 11.0 11.0 9.0 34.0 24.0 25.0 16.0 14.0 15.0 20.0 28.0 41.0 11.0 43.0 17.0 46.0 14.0 45.0 17.0 34.0 52.0 54.0 81.0 45.0 52.0 55.0 44.0 19.0 20.0 398.0 612.0 ];
subtimes{6} = [13.0 11.0 10.0 19.0 18.0 10.0 11.0 10.0 12.0 11.0 12.0 11.0 27.0 11.0 12.0 16.0 11.0 16.0 10.0 12.0 4.0 19.0 40.0 15.0 10.0 6.0 18.0 20.0 11.0 20.0 10.0 18.0 22.0 20.0 17.0 15.0 12.0 63.0 31.0 23.0 17.0 20.0 20.0 20.0 18.0 19.0 12.0 23.0 16.0 11.0 18.0 12.0 22.0 46.0 27.0 25.0 17.0 24.0 8.0 23.0 22.0 98.0 242.0 13.0 76.0 199.0 108.0 63.0 214.0 125.0 19.0 166.0 592.0 ];
subtimes{7} = [20.0 9.0 9.0 20.0 20.0 8.0 14.0 19.0 10.0 9.0 9.0 21.0 16.0 16.0 20.0 19.0 19.0 19.0 12.0 19.0 18.0 21.0 10.0 44.0 23.0 20.0 21.0 19.0 11.0 9.0 15.0 40.0 11.0 80.0 41.0 12.0 20.0 19.0 19.0 12.0 20.0 21.0 10.0 19.0 31.0 22.0 49.0 12.0 24.0 24.0 18.0 13.0 21.0 19.0 21.0 19.0 46.0 23.0 20.0 20.0 11.0 76.0 97.0 49.0 139.0 20.0 112.0 72.0 36.0 1261.0 ];
subtimes{8} = [22.0 9.0 18.0 22.0 9.0 12.0 21.0 16.0 18.0 24.0 8.0 16.0 10.0 16.0 5597.0 12.0 12.0 12.0 12.0 13.0 6.0 8.0 11.0 11.0 15.0 10.0 12.0 15.0 11.0 12.0 14.0 0.0 12.0 13.0 12.0 12.0 13.0 12.0 12.0 8.0 4.0 13.0 15.0 8.0 3.0 15.0 11.0 6.0 7.0 8.0 5.0 13.0 6.0 5.0 9.0 5.0 12.0 12.0 9.0 3.0 14.0 11.0 8.0 6.0 9.0 2.0 13.0 11.0 6.0 8.0 10.0 11.0 10.0 5.0 6.0 7.0 8.0 5.0 9.0 5.0 7.0 8.0 6.0 5.0 9.0 5.0 6.0 8.0 6.0 5.0 9.0 5.0 8.0 6.0 10.0 7.0 7.0 5.0 7.0 8.0 5.0 7.0 7.0 5.0 6.0 15.0 15.0 6.0 8.0 6.0 5.0 10.0 5.0 6.0 8.0 6.0 5.0 10.0 5.0 6.0 9.0 6.0 5.0 9.0 5.0 6.0 8.0 5.0 5.0 10.0 5.0 6.0 8.0 6.0 5.0 10.0 5.0 6.0 8.0 5.0 5.0 9.0 5.0 6.0 9.0 6.0 5.0 10.0 5.0 5.0 8.0 6.0 5.0 9.0 5.0 6.0 8.0 6.0 5.0 9.0 5.0 6.0 8.0 6.0 5.0 9.0 5.0 5.0 8.0 6.0 5.0 9.0 5.0 5.0 8.0 6.0 5.0 10.0 5.0 5.0 8.0 6.0 5.0 10.0 5.0 6.0 8.0 5.0 6.0 8.0 6.0 5.0 8.0 5.0 5.0 9.0 5.0 5.0 10.0 6.0 5.0 8.0 5.0 6.0 8.0 5.0 6.0 10.0 5.0 5.0 9.0 5.0 6.0 9.0 5.0 6.0 9.0 5.0 5.0 8.0 6.0 5.0 10.0 5.0 5.0 9.0 5.0 6.0 8.0 5.0 6.0 7.0 5.0 6.0 8.0 5.0 6.0 7.0 5.0 7.0 7.0 5.0 6.0 7.0 5.0 8.0 8.0 5.0 7.0 7.0 5.0 6.0 8.0 5.0 7.0 7.0 5.0 6.0 8.0 5.0 6.0 7.0 5.0 7.0 8.0 5.0 7.0 8.0 5.0 7.0 7.0 5.0 6.0 7.0 5.0 6.0 8.0 5.0 7.0 8.0 5.0 6.0 8.0 5.0 7.0 8.0 5.0 6.0 7.0 5.0 6.0 7.0 5.0 6.0 7.0 5.0 6.0 7.0 5.0 5.0 8.0 5.0 7.0 7.0 6.0 5.0 7.0 6.0 5.0 7.0 5.0 6.0 7.0 5.0 6.0 7.0 5.0 6.0 7.0 5.0 7.0 7.0 5.0 6.0 7.0 5.0 7.0 7.0 5.0 6.0 7.0 5.0 6.0 7.0 5.0 6.0 7.0 5.0 7.0 7.0 5.0 6.0 7.0 5.0 6.0 7.0 5.0 6.0 7.0 5.0 6.0 7.0 5.0 6.0 7.0 5.0 6.0 7.0 5.0 6.0 7.0 5.0 6.0 7.0 5.0 6.0 7.0 5.0 6.0 7.0 5.0 5.0 8.0 5.0 5.0 9.0 5.0 5.0 8.0 5.0 5.0 8.0 5.0 5.0 8.0 5.0 5.0 8.0 5.0 5.0 9.0 5.0 5.0 8.0 5.0 5.0 8.0 5.0 5.0 8.0 5.0 5.0 7.0 7.0 5.0 7.0 7.0 5.0 7.0 7.0 5.0 7.0 7.0 5.0 7.0 7.0 5.0 7.0 7.0 5.0 7.0 6.0 5.0 7.0 6.0 5.0 7.0 5.0 7.0 7.0 5.0 6.0 7.0 5.0 7.0 7.0 5.0 6.0 7.0 5.0 6.0 7.0 5.0 6.0 7.0 5.0 5.0 9.0 5.0 5.0 8.0 5.0 5.0 9.0 5.0 5.0 9.0 5.0 5.0 9.0 5.0 5.0 8.0 5.0 5.0 7.0 7.0 5.0 7.0 6.0 5.0 7.0 7.0 5.0 7.0 6.0 5.0 7.0 7.0 5.0 7.0 5.0 6.0 7.0 5.0 6.0 7.0 5.0 6.0 7.0 5.0 7.0 7.0 5.0 6.0 7.0 5.0 5.0 9.0 5.0 5.0 8.0 5.0 5.0 8.0 5.0 5.0 8.0 5.0 5.0 9.0 5.0 5.0 7.0 6.0 5.0 7.0 6.0 5.0 7.0 6.0 5.0 7.0 7.0 5.0 7.0 6.0 5.0 7.0 5.0 7.0 7.0 5.0 6.0 7.0 5.0 7.0 8.0 5.0 7.0 8.0 5.0 6.0 7.0 5.0 6.0 7.0 5.0 5.0 8.0 5.0 5.0 8.0 5.0 5.0 9.0 5.0 5.0 9.0 5.0 5.0 8.0 5.0 5.0 7.0 6.0 5.0 7.0 6.0 5.0 7.0 7.0 5.0 7.0 6.0 5.0 7.0 6.0 5.0 7.0 5.0 6.0 7.0 5.0 7.0 7.0 5.0 6.0 7.0 5.0 7.0 7.0 5.0 6.0 7.0 5.0 5.0 8.0 5.0 5.0 9.0 5.0 5.0 8.0 5.0 5.0 8.0 5.0 5.0 7.0 5.0 5.0 7.0 6.0 5.0 7.0 6.0 5.0 7.0 6.0 5.0 7.0 6.0 5.0 7.0 5.0 6.0 7.0 5.0 6.0 7.0 5.0 7.0 7.0 5.0 6.0 7.0 5.0 6.0 7.0 5.0 5.0 8.0 5.0 5.0 8.0 5.0 5.0 9.0 5.0 5.0 8.0 5.0 5.0 9.0 5.0 5.0 7.0 6.0 5.0 7.0 6.0 5.0 7.0 7.0 5.0 7.0 6.0 5.0 7.0 7.0 5.0 7.0 5.0 6.0 7.0 5.0 6.0 7.0 5.0 7.0 7.0 5.0 6.0 7.0 5.0 7.0 7.0 5.0 5.0 8.0 5.0 5.0 8.0 5.0 5.0 8.0 5.0 5.0 8.0 5.0 5.0 8.0 5.0 5.0 7.0 6.0 5.0 7.0 6.0 5.0 7.0 7.0 5.0 7.0 6.0 5.0 7.0 7.0 5.0 7.0 5.0 6.0 7.0 5.0 6.0 7.0 5.0 6.0 8.0 5.0 6.0 7.0 5.0 7.0 7.0 5.0 5.0 8.0 5.0 5.0 9.0 5.0 5.0 8.0 5.0 5.0 8.0 5.0 5.0 8.0 5.0 5.0 7.0 6.0 5.0 7.0 7.0 5.0 7.0 6.0 5.0 7.0 7.0 5.0 7.0 6.0 5.0 7.0 5.0 6.0 8.0 5.0 7.0 7.0 5.0 6.0 7.0 5.0 7.0 7.0 5.0 6.0 7.0 5.0 5.0 8.0 5.0 5.0 8.0 5.0 5.0 8.0 5.0 5.0 8.0 5.0 5.0 8.0 5.0 5.0 7.0 7.0 5.0 8.0 6.0 5.0 7.0 6.0 5.0 7.0 6.0 5.0 7.0 6.0 5.0 7.0 5.0 6.0 7.0 5.0 6.0 7.0 5.0 7.0 7.0 5.0 6.0 7.0 5.0 7.0 7.0 5.0 5.0 9.0 5.0 5.0 8.0 5.0 5.0 9.0 5.0 5.0 8.0 5.0 5.0 8.0 5.0 5.0 7.0 6.0 5.0 7.0 7.0 5.0 7.0 7.0 5.0 7.0 6.0 5.0 7.0 5.0 7.0 7.0 5.0 6.0 7.0 5.0 6.0 7.0 5.0 6.0 7.0 5.0 6.0 7.0 5.0 5.0 8.0 8.0 6.0 8.0 5.0 5.0 9.0 5.0 5.0 8.0 5.0 5.0 8.0 5.0 5.0 8.0 6.0 5.0 7.0 6.0 5.0 7.0 7.0 5.0 7.0 6.0 5.0 7.0 7.0 5.0 7.0 5.0 6.0 7.0 5.0 6.0 7.0 5.0 7.0 7.0 5.0 6.0 7.0 5.0 7.0 7.0 5.0 5.0 9.0 5.0 5.0 8.0 5.0 5.0 9.0 5.0 5.0 9.0 5.0 5.0 9.0 5.0 5.0 7.0 6.0 5.0 7.0 6.0 5.0 8.0 6.0 5.0 7.0 6.0 5.0 7.0 6.0 5.0 7.0 5.0 6.0 8.0 5.0 6.0 7.0 5.0 7.0 7.0 5.0 6.0 7.0 5.0 7.0 7.0 5.0 5.0 8.0 5.0 5.0 9.0 5.0 5.0 8.0 5.0 5.0 8.0 5.0 5.0 9.0 5.0 5.0 8.0 6.0 5.0 7.0 6.0 5.0 7.0 6.0 5.0 7.0 6.0 5.0 7.0 6.0 5.0 7.0 5.0 6.0 7.0 5.0 7.0 7.0 5.0 6.0 7.0 5.0 7.0 7.0 5.0 6.0 7.0 5.0 5.0 9.0 5.0 5.0 9.0 5.0 5.0 8.0 5.0 5.0 9.0 5.0 5.0 8.0 5.0 5.0 7.0 6.0 5.0 7.0 6.0 5.0 8.0 6.0 5.0 7.0 6.0 5.0 7.0 6.0 5.0 7.0 5.0 7.0 7.0 5.0 6.0 7.0 5.0 6.0 7.0 5.0 6.0 7.0 5.0 6.0 7.0 5.0 5.0 8.0 5.0 5.0 8.0 5.0 5.0 9.0 5.0 5.0 8.0 5.0 5.0 9.0 5.0 5.0 7.0 7.0 