goalReached = [1 1 1 1 1 1 1 1 0 ];
episodeCount = [170 134 59 914 189 121 128 265 68 ];
totalTime = [7665.97 4625.45 4292.57 35376.94 6223.89 8175.95 5176.18 8074.0 5700.39 ];
subtimes{1} = [10.0 14.0 16.0 29.0 33.0 20.0 11.0 23.0 47.0 24.0 11.0 25.0 16.0 18.0 23.0 48.0 54.0 39.0 13.0 7.0 23.0 13.0 19.0 42.0 19.0 12.0 15.0 15.0 11.0 16.0 12.0 11.0 14.0 17.0 12.0 8.0 35.0 10.0 20.0 14.0 20.0 13.0 26.0 14.0 10.0 26.0 11.0 17.0 10.0 15.0 6.0 18.0 10.0 10.0 14.0 6.0 18.0 12.0 11.0 4.0 6.0 5.0 10.0 20.0 20.0 12.0 13.0 8.0 4.0 9.0 5.0 7.0 19.0 8.0 25.0 29.0 25.0 31.0 13.0 13.0 7.0 19.0 17.0 16.0 19.0 7.0 32.0 14.0 19.0 10.0 11.0 57.0 19.0 47.0 44.0 27.0 25.0 63.0 24.0 11.0 29.0 29.0 30.0 85.0 48.0 31.0 20.0 25.0 14.0 18.0 23.0 13.0 17.0 60.0 27.0 20.0 23.0 22.0 43.0 12.0 20.0 18.0 20.0 21.0 17.0 21.0 21.0 55.0 49.0 21.0 12.0 26.0 57.0 55.0 25.0 56.0 59.0 24.0 87.0 265.0 276.0 162.0 23.0 241.0 50.0 325.0 129.0 77.0 71.0 10.0 99.0 72.0 85.0 205.0 70.0 437.0 302.0 57.0 19.0 44.0 201.0 15.0 78.0 130.0 61.0 238.0 95.0 165.0 65.0 481.0 ];
subtimes{2} = [10.0 14.0 10.0 22.0 23.0 10.0 9.0 19.0 7.0 24.0 9.0 11.0 16.0 13.0 15.0 10.0 15.0 11.0 13.0 11.0 10.0 14.0 23.0 26.0 14.0 13.0 9.0 14.0 11.0 19.0 12.0 12.0 12.0 14.0 12.0 15.0 12.0 11.0 8.0 13.0 11.0 21.0 12.0 8.0 14.0 14.0 9.0 33.0 13.0 14.0 11.0 14.0 12.0 15.0 25.0 10.0 14.0 15.0 13.0 12.0 16.0 13.0 21.0 19.0 19.0 79.0 57.0 59.0 35.0 25.0 26.0 26.0 15.0 22.0 89.0 19.0 21.0 78.0 25.0 119.0 316.0 215.0 376.0 36.0 54.0 51.0 9.0 11.0 10.0 8.0 10.0 302.0 13.0 23.0 15.0 54.0 12.0 24.0 12.0 27.0 20.0 20.0 18.0 21.0 18.0 25.0 21.0 45.0 44.0 18.0 21.0 14.0 20.0 15.0 22.0 19.0 21.0 21.0 18.0 20.0 81.0 18.0 19.0 20.0 19.0 53.0 13.0 19.0 19.0 22.0 19.0 49.0 51.0 586.0 ];
subtimes{3} = [16.0 12.0 36.0 23.0 12.0 22.0 27.0 25.0 21.0 25.0 29.0 23.0 92.0 25.0 22.0 94.0 46.0 13.0 127.0 17.0 23.0 26.0 130.0 27.0 29.0 25.0 48.0 25.0 55.0 14.0 16.0 23.0 20.0 14.0 22.0 41.0 15.0 32.0 21.0 64.0 63.0 53.0 61.0 22.0 53.0 45.0 21.0 115.0 500.0 18.0 13.0 15.0 20.0 171.0 553.0 275.0 321.0 18.0 579.0 ];
subtimes{4} = [18.0 11.0 15.0 23.0 20.0 15.0 34.0 37.0 12.0 14.0 13.0 22.0 24.0 14.0 6.0 15.0 24.0 11.0 14.0 30.0 24.0 11.0 13.0 11.0 14.0 12.0 12.0 13.0 11.0 10.0 22.0 12.0 13.0 13.0 10.0 13.0 15.0 13.0 22.0 21.0 32.0 14.0 26.0 13.0 23.0 14.0 27.0 12.0 30.0 31.0 12.0 15.0 28.0 15.0 14.0 13.0 28.0 8.0 12.0 25.0 12.0 14.0 13.0 16.0 25.0 15.0 13.0 9.0 11.0 15.0 13.0 12.0 23.0 13.0 20.0 19.0 18.0 13.0 23.0 11.0 13.0 32.0 10.0 14.0 12.0 11.0 22.0 27.0 25.0 13.0 33.0 21.0 34.0 16.0 13.0 28.0 130.0 12.0 65.0 35.0 39.0 21.0 30.0 32.0 86.0 24.0 55.0 11.0 32.0 16.0 10.0 32.0 9.0 10.0 12.0 11.0 18.0 17.0 14.0 18.0 14.0 11.0 13.0 21.0 10.0 21.0 13.0 12.0 18.0 17.0 17.0 14.0 12.0 15.0 16.0 15.0 13.0 16.0 12.0 13.0 14.0 12.0 11.0 11.0 14.0 10.0 11.0 11.0 11.0 10.0 18.0 10.0 30.0 31.0 22.0 9.0 42.0 11.0 22.0 14.0 12.0 12.0 12.0 22.0 14.0 14.0 30.0 9.0 12.0 25.0 21.0 15.0 26.0 20.0 19.0 35.0 10.0 15.0 20.0 11.0 15.0 12.0 13.0 12.0 14.0 8.0 15.0 19.0 46.0 13.0 9.0 20.0 23.0 20.0 9.0 13.0 10.0 48.0 29.0 49.0 64.0 94.0 9.0 48.0 12.0 10.0 9.0 58.0 29.0 29.0 25.0 22.0 10.0 12.0 21.0 56.0 12.0 40.0 54.0 23.0 10.0 32.0 13.0 10.0 10.0 27.0 27.0 24.0 60.0 10.0 10.0 58.0 20.0 27.0 12.0 45.0 11.0 22.0 29.0 29.0 12.0 11.0 28.0 26.0 29.0 26.0 13.0 36.0 11.0 36.0 9.0 11.0 36.0 11.0 9.0 23.0 9.0 10.0 11.0 146.0 10.0 12.0 10.0 21.0 11.0 20.0 28.0 12.0 9.0 25.0 22.0 18.0 19.0 13.0 18.0 17.0 12.0 26.0 25.0 13.0 48.0 19.0 57.0 27.0 12.0 145.0 19.0 10.0 12.0 19.0 9.0 51.0 20.0 19.0 49.0 17.0 19.0 21.0 40.0 49.0 50.0 19.0 21.0 14.0 12.0 49.0 51.0 11.0 20.0 22.0 18.0 19.0 21.0 11.0 51.0 17.0 44.0 208.0 68.0 18.0 43.0 29.0 17.0 100.0 118.0 49.0 18.0 34.0 71.0 19.0 22.0 26.0 32.0 80.0 32.0 124.0 133.0 153.0 99.0 21.0 129.0 57.0 176.0 44.0 119.0 108.0 19.0 19.0 147.0 73.0 46.0 96.0 98.0 109.0 48.0 31.0 32.0 32.0 29.0 17.0 20.0 30.0 32.0 22.0 28.0 31.0 32.0 30.0 12.0 72.0 18.0 30.0 31.0 58.0 28.0 30.0 31.0 40.0 41.0 30.0 29.0 33.0 32.0 57.0 64.0 33.0 19.0 33.0 12.0 7.0 37.0 65.0 14.0 19.0 19.0 55.0 148.0 58.0 125.0 22.0 19.0 34.0 62.0 24.0 18.0 20.0 45.0 23.0 18.0 18.0 31.0 21.0 16.0 71.0 63.0 33.0 18.0 103.0 24.0 21.0 25.0 21.0 16.0 35.0 17.0 19.0 50.0 21.0 20.0 23.0 22.0 24.0 24.0 22.0 21.0 22.0 19.0 20.0 23.0 20.0 19.0 20.0 20.0 20.0 23.0 19.0 47.0 25.0 46.0 19.0 23.0 34.0 21.0 24.0 7.0 23.0 50.0 10.0 64.0 76.0 8.0 79.0 9.0 40.0 19.0 21.0 24.0 23.0 24.0 7.0 54.0 120.0 16.0 16.0 46.0 47.0 18.0 19.0 17.0 18.0 22.0 71.0 17.0 19.0 104.0 43.0 19.0 20.0 142.0 20.0 46.0 166.0 23.0 17.0 20.0 89.0 18.0 21.0 35.0 61.0 142.0 20.0 17.0 91.0 79.0 16.0 47.0 212.0 30.0 49.0 21.0 119.0 78.0 172.0 47.0 19.0 20.0 64.0 19.0 19.0 32.0 31.0 22.0 48.0 30.0 20.0 234.0 46.0 55.0 79.0 2015.0 138.0 33.0 67.0 40.0 46.0 54.0 25.0 10.0 10.0 74.0 189.0 33.0 19.0 34.0 8.0 37.0 21.0 10.0 12.0 19.0 9.0 98.0 12.0 82.0 37.0 8.0 35.0 22.0 33.0 33.0 27.0 72.0 34.0 20.0 32.0 32.0 36.0 12.0 20.0 21.0 32.0 64.0 45.0 42.0 19.0 23.0 21.0 60.0 24.0 34.0 21.0 78.0 121.0 71.0 36.0 46.0 29.0 93.0 55.0 10.0 21.0 10.0 67.0 107.0 19.0 69.0 20.0 58.0 65.0 15.0 68.0 38.0 69.0 18.0 35.0 42.0 17.0 453.0 175.0 206.0 69.0 26.0 37.0 182.0 32.0 334.0 10.0 51.0 9.0 55.0 11.0 125.0 105.0 128.0 68.0 15.0 21.0 21.0 21.0 15.0 21.0 25.0 26.0 26.0 11.0 15.0 12.0 13.0 15.0 13.0 13.0 18.0 12.0 12.0 15.0 12.0 14.0 27.0 45.0 12.0 13.0 11.0 11.0 13.0 11.0 12.0 14.0 10.0 3803.0 15.0 12.0 13.0 15.0 13.0 13.0 14.0 12.0 11.0 14.0 12.0 13.0 14.0 11.0 12.0 14.0 12.0 13.0 15.0 11.0 12.0 15.0 13.0 12.0 13.0 13.0 12.0 15.0 13.0 12.0 15.0 13.0 14.0 15.0 15.0 14.0 19.0 13.0 14.0 20.0 19.0 18.0 20.0 19.0 18.0 23.0 19.0 17.0 20.0 27.0 16.0 20.0 17.0 14.0 18.0 13.0 20.0 16.0 15.0 15.0 17.0 14.0 17.0 22.0 14.0 17.0 17.0 21.0 18.0 20.0 16.0 17.0 27.0 19.0 19.0 27.0 19.0 21.0 22.0 18.0 15.0 20.0 20.0 21.0 22.0 20.0 17.0 18.0 16.0 18.0 17.0 18.0 15.0 17.0 15.0 15.0 17.0 16.0 14.0 20.0 14.0 17.0 18.0 18.0 15.0 18.0 16.0 16.0 18.0 14.0 17.0 19.0 16.0 14.0 18.0 15.0 16.0 18.0 16.0 14.0 18.0 15.0 16.0 18.0 15.0 16.0 16.0 15.0 16.0 23.0 16.0 16.0 17.0 16.0 23.0 17.0 15.0 15.0 17.0 18.0 18.0 16.0 16.0 14.0 26.0 14.0 16.0 17.0 16.0 15.0 17.0 15.0 15.0 18.0 15.0 15.0 17.0 16.0 17.0 17.0 16.0 14.0 17.0 16.0 19.0 21.0 18.0 19.0 21.0 15.0 15.0 18.0 15.0 16.0 17.0 17.0 16.0 18.0 15.0 23.0 15.0 18.0 14.0 20.0 15.0 15.0 17.0 15.0 15.0 17.0 14.0 16.0 16.0 16.0 15.0 16.0 14.0 16.0 16.0 15.0 14.0 16.0 15.0 14.0 18.0 377.0 23.0 148.0 239.0 78.0 130.0 63.0 94.0 18.0 14.0 72.0 41.0 63.0 15.0 17.0 27.0 82.0 63.0 56.0 61.0 21.0 11.0 15.0 18.0 23.0 12.0 17.0 14.0 22.0 13.0 17.0 14.0 20.0 8.0 7.0 15.0 73.0 54.0 45.0 11.0 9.0 12.0 111.0 19.0 89.0 160.0 20.0 402.0 833.0 ];
subtimes{5} = [21.0 18.0 20.0 31.0 16.0 8.0 15.0 27.0 14.0 15.0 7.0 8.0 14.0 8.0 14.0 31.0 7.0 20.0 19.0 13.0 15.0 13.0 11.0 13.0 17.0 13.0 13.0 15.0 13.0 7.0 16.0 6.0 7.0 25.0 19.0 8.0 15.0 21.0 11.0 19.0 14.0 16.0 15.0 15.0 7.0 23.0 15.0 9.0 17.0 14.0 17.0 12.0 13.0 21.0 13.0 21.0 14.0 29.0 8.0 17.0 35.0 26.0 12.0 12.0 15.0 17.0 16.0 34.0 18.0 30.0 13.0 11.0 21.0 14.0 12.0 14.0 12.0 19.0 15.0 12.0 17.0 15.0 20.0 9.0 14.0 14.0 8.0 15.0 10.0 20.0 30.0 10.0 13.0 20.0 8.0 10.0 26.0 12.0 17.0 11.0 20.0 13.0 14.0 19.0 8.0 14.0 14.0 11.0 11.0 21.0 10.0 15.0 8.0 21.0 13.0 9.0 12.0 11.0 9.0 11.0 13.0 15.0 12.0 13.0 19.0 14.0 19.0 17.0 14.0 22.0 23.0 16.0 36.0 22.0 30.0 30.0 23.0 38.0 30.0 30.0 18.0 77.0 20.0 28.0 36.0 27.0 41.0 23.0 35.0 28.0 25.0 21.0 16.0 24.0 114.0 21.0 37.0 17.0 13.0 44.0 30.0 14.0 35.0 12.0 14.0 23.0 30.0 21.0 35.0 22.0 45.0 44.0 42.0 29.0 33.0 104.0 22.0 33.0 40.0 46.0 29.0 36.0 92.0 45.0 140.0 134.0 552.0 775.0 801.0 ];
