step{1} = [134 215 249 372 429 251 123 301 597 272 138 308 173 215 273 552 648 466 125 89 279 141 221 484 184 135 183 144 123 189 131 129 167 165 132 74 382 115 229 134 229 142 290 148 118 280 127 190 102 164 64 168 115 130 117 72 199 113 118 47 45 60 110 198 233 130 113 95 44 63 53 80 195 91 289 302 285 315 137 137 84 192 190 156 183 77 358 149 200 113 93 610 196 458 489 265 262 657 287 81 309 283 289 892 502 300 217 271 120 185 234 102 188 630 269 204 264 194 466 127 186 201 206 189 186 197 194 577 518 197 125 267 558 582 266 556 612 251 863 2694 2820 1653 229 2461 466 3328 1299 758 720 112 995 719 833 2099 695 4435 3077 592 175 445 2101 152 764 1337 611 2384 934 1685 647 4899 ];
step{2} = [88 165 107 214 272 95 82 220 71 246 114 126 144 126 164 80 145 130 111 126 114 127 251 278 130 142 99 127 114 225 108 119 124 130 127 146 118 124 92 110 116 159 99 92 158 121 118 347 97 159 133 126 130 164 254 119 141 130 147 113 146 139 221 178 204 855 596 649 341 252 287 287 129 227 970 174 214 824 229 1322 3362 2233 4023 382 557 539 103 79 101 86 75 3194 131 214 159 548 107 232 127 245 206 202 148 236 174 233 217 473 427 196 225 115 202 148 197 213 220 190 195 205 796 190 210 185 197 530 114 196 182 186 186 501 502 5955 ];
step{3} = [147 125 396 232 126 219 271 242 222 244 309 252 944 254 230 946 476 126 1306 176 257 250 1380 274 276 279 492 233 560 132 146 218 205 137 225 422 135 332 219 607 619 548 587 219 531 415 206 1177 5048 191 125 129 197 1711 5541 2741 3160 162 5778 ];
step{4} = [155 127 139 212 214 138 322 388 125 121 128 224 221 140 65 126 249 104 137 293 242 94 123 117 133 121 124 106 116 112 184 122 145 94 109 122 116 128 224 187 312 132 237 120 225 128 276 116 255 305 109 120 269 143 121 119 286 61 114 243 104 138 127 133 260 152 96 88 106 133 110 129 219 126 202 166 191 124 208 112 125 299 89 134 89 99 210 254 225 124 287 208 338 129 128 283 1316 111 639 328 393 214 274 321 856 220 536 97 294 152 92 265 100 92 90 101 184 145 149 176 97 104 112 181 97 208 102 109 184 156 152 122 101 135 158 122 124 142 103 126 123 97 104 105 106 101 96 92 102 102 153 95 314 287 219 89 392 98 221 115 116 104 95 202 119 103 290 92 94 242 203 128 249 208 157 338 95 132 200 94 119 123 109 97 120 90 96 187 423 94 94 191 196 199 96 91 101 451 244 484 595 838 89 448 89 88 94 531 282 273 210 203 91 100 203 514 89 377 518 183 92 290 91 92 89 252 252 196 541 91 91 526 180 252 92 444 89 180 274 255 89 93 255 219 270 243 98 322 102 309 91 93 312 97 89 176 88 89 88 1341 91 92 91 184 89 188 255 88 91 251 185 168 176 94 165 169 91 237 243 95 440 171 515 248 91 1337 179 94 95 168 92 453 177 174 429 164 178 177 370 444 428 174 177 99 99 444 449 97 176 171 171 172 168 100 441 168 415 1991 606 169 400 259 176 931 1106 432 172 292 662 163 174 256 278 736 277 1137 1228 1448 925 174 1145 506 1540 407 1048 947 166 163 1328 646 407 867 863 963 392 269 262 262 258 151 164 264 281 163 260 267 259 272 102 629 155 267 259 490 255 259 271 338 330 262 255 258 265 492 516 277 156 238 103 57 294 577 114 153 165 457 1266 498 1104 180 160 293 508 188 153 150 390 184 147 147 250 149 155 606 520 280 155 848 197 186 186 177 150 267 154 158 402 171 176 179 188 183 182 186 160 165 165 163 164 166 160 153 164 170 158 153 393 188 399 170 171 283 178 173 59 189 401 59 533 625 60 661 59 320 156 162 198 196 186 60 435 962 142 141 371 374 146 145 144 143 143 596 145 143 856 368 143 144 1160 155 381 1329 154 146 146 699 144 154 262 500 1155 144 142 715 610 141 375 1646 249 381 142 955 630 1358 370 147 144 501 139 143 252 247 150 366 247 150 1882 373 407 625 15620 1031 259 515 290 338 416 160 80 82 532 1475 257 130 267 65 267 159 81 76 158 58 724 79 613 263 59 245 148 240 246 177 538 257 141 233 236 235 90 151 149 225 504 326 326 139 145 147 455 168 253 156 585 881 521 259 346 227 664 420 79 137 75 497 790 144 513 139 430 500 91 517 274 494 148 261 273 136 3368 1229 1499 503 158 258 1317 204 2431 58 349 60 403 60 884 756 903 475 112 135 152 143 97 165 175 165 173 82 89 89 91 99 85 95 104 89 89 87 89 93 171 321 79 77 79 78 78 79 78 77 74 26541 81 82 88 92 83 79 77 81 81 80 83 80 80 80 79 80 80 78 79 80 81 78 82 81 78 80 80 83 83 80 85 87 81 81 96 96 104 95 95 125 116 122 121 121 129 127 124 121 132 180 108 119 108 99 99 98 135 96 96 95 96 96 110 139 97 105 110 138 124 116 106 125 154 127 139 153 133 142 128 111 109 120 130 141 128 134 108 107 103 107 100 106 103 101 100 99 97 105 96 101 102 105 107 117 103 105 106 103 105 99 109 114 102 101 102 104 103 105 103 103 103 107 101 101 99 106 101 104 111 141 112 102 98 97 150 102 101 98 96 122 113 96 99 96 135 98 100 99 101 98 100 104 100 106 99 98 100 109 97 97 98 96 97 103 121 117 120 114 121 97 98 98 97 95 97 110 96 97 98 146 98 118 93 112 98 92 93 95 95 97 97 99 94 98 105 94 94 92 96 92 93 96 97 94 93 2474 140 932 1538 488 820 401 598 114 93 482 250 406 99 90 169 528 384 363 400 112 70 93 98 160 85 94 92 136 71 114 93 104 55 54 75 469 340 288 67 60 69 712 114 555 1027 138 2595 5322 ];
step{5} = [137 135 149 244 125 69 88 218 111 104 54 71 102 66 109 242 61 151 127 110 113 88 97 105 128 102 93 106 99 62 127 54 58 175 161 61 104 159 81 139 116 122 101 126 62 174 122 63 124 117 123 68 100 168 90 145 115 212 61 140 269 215 98 79 121 130 110 285 149 215 104 95 142 104 105 84 96 160 99 91 119 110 154 75 90 122 60 109 79 156 232 82 109 148 56 86 186 91 147 68 166 118 91 145 57 97 98 89 69 162 80 103 59 162 77 73 100 72 75 86 76 111 106 78 153 108 123 141 109 155 180 137 238 170 219 225 177 315 215 239 154 583 156 209 190 211 299 155 286 221 178 164 135 168 921 172 264 127 105 337 229 101 244 98 98 154 233 165 260 161 347 293 323 229 238 815 173 231 324 347 190 280 703 338 1080 1037 4177 5851 5950 ];
step{6} = [103 139 224 447 115 215 220 213 217 244 443 248 228 222 216 288 201 220 238 553 125 606 203 563 254 246 592 275 234 346 270 217 251 271 188 167 276 188 224 349 223 284 122 177 557 222 95 128 204 197 241 218 530 218 382 210 281 244 217 279 235 202 168 224 209 220 213 127 202 289 145 129 147 217 466 213 264 261 460 211 231 205 515 275 210 216 211 219 311 124 205 176 211 830 498 148 43 60 1137 2147 54 488 501 496 782 3008 1035 1008 118 1061 1323 773 1344 2597 1854 2459 4042 718 1805 1498 5212 ];
step{7} = [155 133 224 445 605 116 214 243 235 220 124 223 144 208 210 133 121 134 148 221 128 194 56 149 134 127 118 139 130 137 126 124 113 135 184 130 102 122 127 84 120 137 124 104 125 153 143 180 118 122 111 119 114 120 211 50 133 115 108 111 58 69 163 111 145 116 207 125 99 192 130 112 141 149 149 287 135 218 273 106 341 177 224 270 258 311 255 224 621 431 186 173 222 283 205 164 181 146 161 493 246 116 136 198 217 209 226 218 1284 224 124 123 287 240 105 243 514 857 1820 217 817 110 1614 199 532 1923 1284 5748 ];
step{8} = [149 122 346 223 101 225 146 133 223 224 144 219 215 213 125 127 246 250 125 131 117 186 122 104 129 101 114 130 199 53 52 226 85 122 113 102 51 185 59 67 110 140 156 177 104 101 110 60 74 53 78 97 120 52 101 54 98 141 86 73 111 97 51 99 100 71 92 104 100 102 104 63 112 95 95 101 104 98 98 65 150 137 93 114 103 163 97 98 53 195 128 116 81 72 61 55 62 75 79 158 101 75 95 121 96 143 109 119 98 52 55 113 194 101 179 109 123 141 229 128 295 120 154 163 136 59 135 123 85 83 100 143 100 107 157 143 114 72 70 125 177 112 142 71 235 287 119 227 141 316 270 99 215 141 226 214 115 109 138 183 218 254 200 198 229 197 180 195 104 192 224 175 187 193 102 267 198 207 234 205 134 134 199 140 195 118 181 116 129 141 196 123 203 195 378 112 116 203 201 177 109 116 124 199 218 282 371 192 292 204 104 129 144 229 118 481 230 120 274 258 265 205 179 234 181 131 537 255 198 128 138 137 201 213 200 215 202 209 210 197 275 198 418 569 466 287 835 92 97 81 79 91 82 96 85 87 85 317 874 978 76 74 398 1556 10450 ];
