step{1} = [204 163 225 250 599 250 502 562 452 367 219 140 110 246 281 121 213 219 94 215 209 104 310 124 218 116 107 153 104 95 147 99 105 93 89 105 119 157 105 127 102 120 89 146 123 144 140 137 130 120 57 241 116 286 130 94 81 155 126 128 139 81 133 52 148 128 353 138 146 190 195 130 92 119 290 247 113 189 313 109 185 170 124 228 228 229 119 159 255 229 284 ];
