goalReached = [0 ];
episodeCount = [92 ];
totalTime = [1286.01 ];
subtimes{1} = [16.0 11.0 16.0 19.0 42.0 18.0 37.0 40.0 32.0 29.0 16.0 10.0 10.0 18.0 20.0 11.0 15.0 16.0 9.0 16.0 15.0 10.0 23.0 9.0 17.0 9.0 9.0 13.0 7.0 7.0 13.0 8.0 7.0 9.0 7.0 9.0 11.0 12.0 8.0 12.0 7.0 9.0 9.0 11.0 9.0 14.0 10.0 10.0 12.0 9.0 5.0 21.0 9.0 21.0 12.0 7.0 7.0 14.0 9.0 11.0 13.0 7.0 11.0 6.0 13.0 10.0 29.0 10.0 12.0 17.0 15.0 11.0 9.0 9.0 22.0 21.0 10.0 13.0 26.0 8.0 15.0 15.0 9.0 17.0 20.0 19.0 9.0 15.0 20.0 20.0 23.0 ];
