step{1} = [204 163 225 250 599 250 502 562 452 367 219 140 110 246 281 121 213 219 94 215 209 104 310 124 218 116 107 153 104 95 147 99 105 93 89 105 119 157 105 127 102 120 89 146 123 144 140 137 130 120 57 241 116 286 130 94 81 155 126 128 139 81 133 52 148 128 353 138 146 190 195 130 92 119 290 247 113 189 313 109 185 170 124 228 228 229 119 159 255 229 284 107 228 155 200 150 145 130 86 209 197 144 299 232 218 241 149 130 248 96 116 102 101 94 111 135 95 307 208 286 150 230 222 212 207 309 321 2483 969 375 1689 144 136 340 129 148 79 79 317 280 511 504 139 426 131 198 151 120 127 228 133 203 140 195 71 38 124 36 207 34 204 33 32 31 40 33 35 52 59 54 33 44 53 30 32 53 36 55 32 46 90 30 58 34 30 32 36 97 47 34 142 36 68 12324 ];
step{2} = [108 134 219 477 479 447 126 206 222 139 136 155 137 148 138 138 227 144 221 130 137 131 219 222 127 124 121 146 131 137 137 143 133 148 137 130 137 195 129 122 131 187 128 130 189 192 146 152 126 119 143 122 136 145 129 129 123 138 132 227 231 192 146 151 193 137 129 124 122 119 131 153 128 145 227 234 297 194 255 117 172 177 303 138 106 142 124 89 296 114 132 168 70 161 149 124 85 84 153 69 115 152 105 72 117 89 145 96 52 112 48 114 162 101 87 96 104 55 193 97 253 55 66 119 124 164 113 181 124 147 138 48 203 83 264 88 68 108 315 205 72 170 195 233 310 6917 ];
step{3} = [157 126 220 222 128 228 217 141 243 214 186 250 134 143 128 162 117 127 131 140 124 213 116 179 89 224 273 226 288 434 360 316 121 564 103 253 207 612 219 217 309 435 118 271 226 143 148 159 259 213 273 384 122 154 269 122 267 135 114 161 156 97 120 124 196 109 164 108 108 77 111 54 144 68 49 142 103 133 56 102 80 101 100 112 101 102 139 99 101 73 96 51 97 27 100 104 98 58 94 61 73 107 62 102 73 104 66 57 55 50 103 58 51 51 62 48 55 53 102 102 51 61 58 62 60 50 60 58 57 105 55 51 61 53 51 49 55 67 51 51 54 48 57 55 129 52 98 49 66 69 83 105 116 91 80 48 75 82 63 93 61 51 53 100 64 122 128 56 71 59 129 130 144 74 104 61 68 65 118 67 93 119 51 111 74 69 128 107 77 127 96 86 105 51 126 86 48 106 125 59 100 59 54 129 50 130 56 104 68 66 70 78 79 71 84 58 66 76 48 82 75 86 58 107 72 77 66 53 85 85 88 81 55 121 114 66 105 123 116 104 53 82 70 78 55 73 70 86 54 48 72 112 55 50 55 75 59 51 53 76 56 84 49 67 52 69 48 62 66 66 94 61 66 67 143 94 76 93 121 54 79 79 58 97 64 105 124 87 204 240 150 105 146 175 221 102 270 259 161 98 100 97 85 107 60 81 206 141 1741 60 5071 3957 59 303 59 284 58 766 59 535 59 477 59 858 459 60 1106 514 191 10076 11137 921 6206 798 5583 5245 1787 4340 616 639 96 137 671 148 211 243 244 108 241 241 237 250 206 238 238 249 192 181 209 318 1014 715 720 128 1211 2403 1330 79 125 1319 2680 81 5925 2315 94 1738 868 674 6531 1302 694 2937 404 2731 145 68 115 1489 639 1177 500 747 249 426 1490 333 198 4877 6057 632 115 204 321 207 1267 753 332 58 943 486 2660 91 4754 466 15361 ];
step{4} = [106 128 126 214 575 149 263 288 139 225 241 218 232 560 226 374 370 218 243 141 116 285 247 214 320 211 300 158 136 281 114 87 118 140 127 132 145 215 124 148 136 118 146 280 72 172 100 228 102 118 167 162 401 277 253 279 132 322 287 115 80 223 50 135 102 143 142 113 113 51 87 77 126 56 87 165 140 256 191 131 114 230 198 249 733 1887 189 191 214 220 217 227 500 251 223 238 348 239 157 770 338 325 209 1061 336 626 570 373 771 697 285 207 426 110 484 397 310 1322 225 458 224 323 190 194 117 198 674 184 1434 2201 3547 4603 152 153 85 66 87 102 91 43 144 53 66 74 74 97 81 104 49 81 98 149 45 68 175 112 76 120 134 60 63 2454 3152 6654 334 97 96 138 478 1070 180 611 155 166 97 243 81 90 370 217 131 136 112 465 242 1217 5282 1198 92 545 96 175 471 990 104 187 430 328 1136 477 168 98 788 114 198 185 1222 194 88 9208 ];
step{5} = [135 153 253 128 121 131 104 191 127 199 125 210 115 222 221 107 220 105 131 278 279 243 283 125 224 248 241 254 460 219 152 379 469 256 340 490 82 145 83 63 235 218 98 142 935 200 239 255 1130 331 225 213 403 502 145 484 293 223 211 234 229 145 228 199 826 473 523 134 492 611 268 251 63 375 465 691 628 73 852 340 1900 50 78 43 56 45 49 42 65 50 7226 ];
step{6} = [150 262 281 245 236 138 378 216 321 123 143 190 253 253 225 132 302 181 215 593 251 213 132 218 217 221 137 207 223 442 138 99 228 239 137 124 53 103 216 94 224 127 63 282 219 281 256 269 50 221 109 104 121 111 55 168 57 45 89 109 92 48 53 72 148 257 247 59 61 197 71 108 259 112 84 60 124 263 242 136 62 167 72 236 61 126 72 79 108 64 57 53 140 62 50 304 74 321 235 51 81 110 233 123 40 288 68 924 395 202 169 428 300 474 158 194 212 173 181 199 104 182 150 118 211 175 89 328 801 518 190 67 87 69 70 122 227 90 58 76 92 59 37 51 55 61 63 63 65 186 81 55 88 76 71 121 105 64 58 50 52 56 52 182 123 179 79 72 71 100 85 1965 4623 531 379 257 218 537 810 149 241 144 444 452 240 436 242 141 1191 253 598 1068 246 1338 9911 ];
step{7} = [143 96 121 218 96 134 103 172 120 51 99 54 113 88 110 124 129 113 107 50 121 159 104 53 126 113 107 119 51 122 102 129 109 125 117 150 52 127 51 112 53 212 107 149 110 116 147 166 158 59 58 93 101 50 104 96 131 71 62 128 280 99 315 202 107 151 119 154 174 141 130 540 114 98 183 232 314 130 242 156 324 89 265 82 163 86 179 209 179 133 75 88 295 450 50 39 35 97 36 54 57 50 42 43 47 55 45 52 45 46 48 54 42 52 96 50 47 47 50 80 53 52 50 112 48 46 63 136 110 215 83 1648 503 983 2371 126 77 142 704 370 2605 1140 5583 12593 ];
step{8} = [104 129 126 218 225 136 371 130 310 457 482 223 170 192 322 221 161 222 237 218 216 123 133 122 235 103 122 100 123 127 145 128 101 139 126 102 115 101 213 147 134 133 125 194 166 218 203 141 141 132 153 180 135 134 224 226 122 138 597 229 121 222 284 172 229 177 225 406 151 478 228 372 165 223 159 232 159 395 293 235 227 233 135 297 592 133 218 277 236 159 240 262 233 259 159 195 157 321 144 234 193 188 237 138 177 298 228 200 177 68 123 151 154 127 125 177 239 199 235 173 150 225 112 153 176 110 106 147 107 151 147 169 94 157 98 106 105 153 138 211 103 100 144 104 150 95 210 199 110 247 142 176 117 142 175 108 114 110 221 239 215 126 157 259 1289 298 1002 599 376 556 64 283 206 708 111 450 1033 352 404 244 393 4288 13864 ];
step{9} = [115 122 121 220 225 120 79 504 103 66 50 103 92 73 143 104 268 109 140 93 211 71 72 131 144 116 96 66 112 104 121 112 82 110 104 99 125 88 178 119 107 127 85 122 76 122 153 118 93 99 115 88 125 121 108 75 100 128 134 97 120 93 125 194 142 136 106 123 98 113 195 115 169 121 186 94 104 131 72 137 161 156 100 119 105 187 120 118 119 130 104 116 106 155 83 118 182 129 130 108 91 90 99 120 143 173 140 85 124 104 131 101 189 169 187 97 162 169 170 129 124 116 131 117 124 145 125 146 129 153 141 143 107 125 188 154 161 104 124 209 103 124 137 150 72 125 134 126 278 141 152 117 93 164 131 123 123 221 99 184 213 137 132 220 141 126 216 131 185 234 199 186 143 145 210 219 155 218 186 222 205 234 145 312 183 188 208 175 195 185 199 218 228 247 166 329 1851 1197 1243 247 3052 9462 ];
