step{1} = [108 141 214 471 221 143 144 223 131 126 74 92 129 126 114 132 126 134 137 184 130 119 191 125 132 90 135 111 197 130 122 210 122 337 258 504 112 302 194 127 224 268 210 208 55 158 308 223 108 228 256 655 125 138 214 355 207 686 221 224 280 132 103 171 100 159 216 595 91 344 144 134 266 253 217 277 129 136 547 573 248 167 276 304 225 337 152 505 267 3161 322 186 3305 6768 324 284 75 139 246 100 76 344 544 168 8985 10629 136 1185 2336 650 917 2226 428 2171 266 264 217 211 225 245 249 246 240 226 233 246 248 266 280 334 277 295 259 284 273 207 263 298 270 375 288 286 320 250 148 313 254 236 152 227 263 243 143 499 429 140 134 137 131 817 111 107 974 137 229 138 120 497 112 112 111 107 113 112 109 95 83 82 81 83 82 80 82 80 84 82 84 82 80 81 81 81 81 80 84 82 80 79 80 82 82 80 475 82 82 81 1185 81 81 81 81 740 82 84 3758 8312 2492 1457 12925 ];
step{2} = [140 143 230 215 223 222 127 527 282 223 240 244 52 130 219 374 125 248 122 120 219 217 245 126 128 138 222 160 184 93 202 222 222 151 53 173 244 132 160 122 112 125 137 155 129 230 113 201 240 156 558 159 263 157 505 240 269 253 174 66 72 124 75 64 105 109 62 87 92 58 73 132 126 73 234 136 64 65 135 127 84 63 64 74 61 60 61 73 82 128 121 63 63 71 118 74 135 62 52 81 72 68 84 73 56 80 74 63 177 62 115 67 182 200 68 170 280 676 708 558 198 6116 8248 ];
step{3} = [149 96 218 449 115 144 127 383 128 231 443 216 216 450 197 227 111 92 254 219 440 228 220 231 301 226 244 431 148 92 263 276 150 188 105 240 544 137 253 276 96 216 222 273 685 248 112 321 135 639 284 135 542 245 2306 435 405 354 510 641 133 136 278 281 233 1248 304 951 256 139 274 267 147 281 694 277 2128 8659 ];
step{4} = [158 127 221 225 353 629 129 225 251 532 243 270 140 346 123 127 1282 243 279 239 142 462 134 124 128 203 171 663 255 456 240 285 128 85 849 74 410 442 103 246 479 104 895 791 144 223 146 577 1300 231 281 599 145 76 901 137 608 2216 1678 330 351 240 4558 320 375 161 411 2126 721 644 5650 1268 640 3865 735 2491 143 1821 2012 1116 1026 2521 144 524 169 151 956 83 797 101 210 139 147 248 72 191 64 106 166 9074 2713 1070 2316 10354 858 1925 85 84 85 80 80 81 80 80 180 149 82 87 252 365 105 278 103 419 104 106 221 251 106 102 115 105 103 25550 65 66 66 66 66 66 66 66 66 66 66 67 67 67 67 67 67 67 67 67 67 67 67 67 67 67 74 70 231 81 51 83 71 76 367 258 112 123 34 282 44 47 533 73 167 220 251 545 239 482 1228 2013 198 193 159 3255 634 486 373 5200 574 285 240 177 148 493 237 501 366 381 159 1512 459 2687 527 1107 3383 388 469 552 785 327 516 3621 200 50 824 267 135 1317 1414 844 1084 892 294 100 46 148 753 942 755 880 1769 1132 736 448 504 690 125 155 160 234 104 546 406 535 330 449 571 90 408 553 134 115 60 1056 3382 534 1251 3221 87 4774 1737 183 452 3030 3628 704 11044 ];
step{5} = [231 126 160 196 140 86 151 218 129 126 160 218 129 228 117 141 117 180 134 123 137 145 170 128 110 127 56 166 190 106 117 129 141 125 123 142 239 242 222 127 74 224 108 233 279 120 139 119 119 247 105 241 71 185 278 100 305 223 150 206 139 95 255 114 59 103 110 70 96 159 72 101 136 104 74 100 67 73 64 31 93 50 149 121 95 122 106 57 92 154 54 70 68 67 95 128 155 54 137 111 74 117 118 140 26 26 93 25 174 66 79 94 100 26 50 95 26 33 59 26 254 143 78 27 112 33 94 148 256 62 284 54 194 308 164 83 122 75 125 316 367 307 73 169 287 115 386 150 105 142 226 89 107 252 406 108 413 158 501 470 377 113 295 241 240 271 339 147 433 98 175 327 144 126 380 295 176 143 169 359 159 125 380 148 377 361 233 86 346 487 1194 125 146 137 107 106 930 33 33 32 35 34 33 34 130 230 85 399 8314 3293 8690 80 237 300 77 410 50 222 297 276 325 100 71 1974 8283 ];
step{6} = [88 154 118 218 224 129 92 99 127 52 71 69 64 151 212 175 116 72 83 125 104 128 53 118 143 105 52 54 138 227 197 112 101 123 117 127 95 110 52 117 87 118 113 157 92 54 130 123 168 89 56 66 66 60 97 119 53 140 50 121 128 55 80 86 132 137 97 53 117 110 109 118 54 51 55 112 52 76 93 55 51 112 113 101 110 113 110 108 64 96 100 114 107 116 57 49 104 73 57 95 56 109 57 107 141 111 57 106 99 108 66 94 47 55 57 106 51 100 80 118 111 115 57 104 51 78 97 54 109 103 110 82 50 177 259 140 102 111 84 116 51 116 114 115 104 114 159 54 136 111 51 81 77 481 134 95 162 49 110 129 109 166 126 74 130 60 75 87 148 229 365 113 169 98 356 154 533 49 358 61 158 170 127 412 326 129 344 73 130 154 256 158 115 133 95 327 128 277 235 101 198 226 217 132 189 211 162 100 98 137 94 119 108 99 160 98 98 63 96 100 76 96 97 121 97 146 126 96 95 105 97 92 95 145 97 95 97 94 133 145 131 81 96 95 106 123 109 94 123 95 128 130 153 73 143 96 143 101 114 96 114 94 95 98 134 94 135 98 97 96 96 95 99 142 95 94 97 95 96 93 93 116 94 98 94 94 96 93 93 93 95 95 96 95 97 96 96 98 98 97 214 109 106 102 158 145 132 140 143 138 73 69 70 72 153 762 1264 219 62 118 179 104 85 72 107 111 95 76 110 71 103 236 89 215 154 100 167 207 246 422 178 187 208 119 458 121 135 225 128 852 973 917 9917 ];
step{7} = [117 242 220 224 130 93 127 221 82 210 241 136 316 122 98 106 125 130 84 124 199 310 156 157 255 218 157 272 129 161 548 136 221 186 124 438 126 201 326 307 244 124 253 125 444 256 213 131 244 235 166 87 117 500 117 160 274 176 118 218 141 390 142 231 166 230 139 300 131 292 393 313 399 242 138 168 170 334 130 407 267 250 1125 705 177 243 323 98 1296 337 795 2833 1889 9291 ];
step{8} = [233 127 219 225 139 81 203 193 141 221 173 136 144 216 219 192 142 127 221 146 75 121 123 134 117 72 136 121 105 114 121 139 115 104 116 135 118 112 117 49 125 68 166 110 134 124 56 142 116 119 127 103 105 88 142 88 144 222 140 142 122 108 123 142 53 119 212 65 77 197 143 135 267 74 98 60 124 164 91 174 62 63 115 130 127 148 118 451 145 195 202 180 146 213 111 210 111 380 168 223 81 292 183 153 153 578 200 124 259 253 336 251 248 79 126 120 218 1116 1228 341 134 2164 694 138 131 133 137 134 137 144 144 144 126 139 136 138 143 145 165 172 185 194 171 178 151 155 135 994 10844 ];
step{9} = [136 149 227 291 127 377 138 136 138 348 225 215 216 139 131 119 218 64 123 275 204 211 131 107 225 229 157 143 124 124 129 130 117 108 231 152 118 126 105 109 131 144 203 5 168 151 103 287 120 101 163 93 36 34 46 36 95 130 45 119 120 41 129 74 71 96 80 148 153 181 184 189 425 105 259 229 158 132 213 131 233 227 143 196 165 156 125 224 206 128 194 224 218 472 224 304 253 297 280 331 54 759 107 662 246 244 327 899 316 358 1122 185 4569 346 187 200 305 1033 756 217 186 1059 503 288 1769 129 136 111 125 121 124 124 174 122 123 116 120 194 121 190 205 142 97 87 129 130 94 210 103 99 91 150 152 208 124 108 131 128 137 160 146 98 96 149 96 101 98 144 138 124 210 186 223 92 154 116 170 178 215 920 709 308 1400 293 153 192 438 264 293 484 92 93 95 93 91 8782 ];
step{10} = [142 141 140 246 121 136 225 219 136 258 145 221 221 143 202 136 180 126 218 146 126 125 138 152 306 192 150 92 127 134 114 138 109 137 98 82 120 123 219 96 102 224 222 106 137 114 215 157 243 118 212 213 219 155 508 233 159 160 539 213 132 259 108 82 80 118 235 66 266 154 181 326 141 136 307 517 325 147 150 327 129 333 228 305 239 281 1795 637 638 151 2687 1023 575 338 267 1534 677 390 241 247 1147 210 2296 2646 1327 197 43 43 42 45 52 138 164 51 46 47 48 63 56 103 61 436 85 164 82 185 227 66 176 162 189 121 246 376 404 425 1026 323 1625 236 388 94 361 294 182 455 200 707 91 269 11487 ];
step{11} = [138 149 224 218 125 90 223 145 243 134 213 88 148 127 211 142 54 103 108 55 94 109 56 142 221 274 125 130 116 163 202 179 126 121 229 103 136 219 132 105 147 134 142 141 218 139 139 217 154 249 127 220 121 218 194 215 221 217 136 147 118 219 126 182 218 588 126 286 207 289 184 134 245 171 65 149 84 151 109 548 289 267 590 602 493 149 658 142 142 139 238 523 1357 256 305 278 177 241 156 129 233 89 188 159 97 127 112 256 241 136 103 144 300 210 81 146 185 196 183 378 809 233 294 194 100 199 179 398 324 272 292 212 902 293 206 207 448 286 170 329 283 173 332 261 204 93 205 133 98 103 180 364 179 125 92 108 5157 11031 ];
