goalReached = [1 1 1 1 1 1 1 1 1 1 1 1 1 0 ];
episodeCount = [219 123 78 273 225 353 94 149 196 151 158 88 192 142 ];
totalTime = [8047.39 2413.56 2554.53 18291.47 6083.23 5448.71 3447.71 3835.74 5762.54 6002.27 5474.49 4078.84 6707.72 6337.55 ];
subtimes{1} = [8.0 8.0 14.0 30.0 13.0 9.0 11.0 14.0 9.0 10.0 5.0 6.0 10.0 8.0 8.0 11.0 8.0 9.0 10.0 11.0 9.0 10.0 12.0 8.0 10.0 5.0 9.0 9.0 12.0 8.0 10.0 13.0 7.0 23.0 15.0 30.0 9.0 18.0 12.0 10.0 13.0 17.0 14.0 12.0 4.0 12.0 18.0 13.0 9.0 14.0 15.0 40.0 7.0 9.0 15.0 22.0 14.0 47.0 13.0 14.0 20.0 8.0 8.0 13.0 6.0 11.0 17.0 36.0 8.0 24.0 9.0 10.0 19.0 16.0 13.0 21.0 9.0 9.0 39.0 36.0 17.0 13.0 17.0 21.0 18.0 23.0 9.0 37.0 18.0 214.0 24.0 12.0 225.0 458.0 22.0 20.0 9.0 10.0 17.0 9.0 6.0 23.0 41.0 12.0 623.0 741.0 9.0 81.0 170.0 46.0 68.0 156.0 28.0 150.0 21.0 17.0 15.0 16.0 16.0 18.0 20.0 18.0 16.0 20.0 17.0 16.0 19.0 18.0 19.0 25.0 19.0 21.0 20.0 18.0 19.0 17.0 18.0 21.0 21.0 25.0 22.0 21.0 22.0 17.0 12.0 20.0 17.0 18.0 11.0 17.0 19.0 17.0 10.0 39.0 29.0 9.0 12.0 10.0 10.0 60.0 7.0 8.0 71.0 9.0 17.0 11.0 9.0 36.0 9.0 8.0 7.0 10.0 8.0 8.0 9.0 7.0 5.0 9.0 5.0 6.0 8.0 6.0 6.0 8.0 6.0 5.0 10.0 5.0 5.0 10.0 5.0 6.0 7.0 5.0 7.0 7.0 6.0 5.0 9.0 5.0 5.0 8.0 33.0 7.0 7.0 5.0 80.0 7.0 5.0 7.0 7.0 51.0 5.0 9.0 255.0 585.0 178.0 104.0 962.0 ];
subtimes{2} = [12.0 10.0 14.0 16.0 14.0 15.0 11.0 35.0 18.0 16.0 16.0 16.0 6.0 9.0 14.0 28.0 8.0 18.0 10.0 8.0 13.0 16.0 16.0 8.0 11.0 8.0 17.0 12.0 13.0 7.0 15.0 14.0 16.0 12.0 3.0 12.0 19.0 9.0 11.0 9.0 8.0 9.0 11.0 10.0 10.0 17.0 8.0 13.0 18.0 11.0 36.0 12.0 19.0 9.0 37.0 16.0 19.0 18.0 12.0 4.0 7.0 10.0 5.0 7.0 7.0 8.0 6.0 8.0 6.0 6.0 6.0 8.0 11.0 6.0 16.0 11.0 5.0 4.0 12.0 8.0 6.0 6.0 4.0 6.0 6.0 4.0 5.0 7.0 6.0 8.0 10.0 4.0 5.0 7.0 7.0 7.0 13.0 4.0 4.0 8.0 5.0 4.0 8.0 5.0 4.0 8.0 4.0 4.0 15.0 5.0 7.0 8.0 12.0 14.0 6.0 12.0 19.0 51.0 46.0 37.0 16.0 426.0 586.0 ];
subtimes{3} = [13.0 7.0 15.0 33.0 8.0 9.0 12.0 27.0 9.0 18.0 30.0 16.0 17.0 32.0 13.0 18.0 7.0 8.0 20.0 15.0 30.0 18.0 16.0 16.0 22.0 16.0 18.0 32.0 12.0 6.0 20.0 19.0 10.0 16.0 7.0 18.0 40.0 10.0 17.0 23.0 6.0 15.0 17.0 19.0 48.0 19.0 8.0 22.0 11.0 44.0 19.0 12.0 38.0 17.0 172.0 30.0 30.0 27.0 35.0 44.0 13.0 10.0 19.0 25.0 16.0 90.0 25.0 68.0 18.0 13.0 19.0 18.0 13.0 22.0 51.0 23.0 153.0 634.0 ];
subtimes{4} = [13.0 9.0 15.0 18.0 24.0 46.0 13.0 16.0 18.0 41.0 17.0 20.0 11.0 25.0 9.0 13.0 89.0 18.0 22.0 17.0 11.0 34.0 10.0 8.0 12.0 14.0 13.0 48.0 20.0 33.0 19.0 23.0 8.0 10.0 60.0 5.0 32.0 32.0 7.0 22.0 34.0 8.0 67.0 59.0 11.0 18.0 11.0 43.0 97.0 19.0 20.0 45.0 11.0 5.0 67.0 9.0 45.0 166.0 122.0 24.0 29.0 17.0 335.0 26.0 27.0 12.0 32.0 156.0 57.0 51.0 422.0 96.0 49.0 292.0 58.0 196.0 12.0 142.0 157.0 87.0 79.0 198.0 12.0 41.0 15.0 12.0 74.0 9.0 61.0 7.0 18.0 11.0 11.0 21.0 7.0 16.0 7.0 8.0 13.0 711.0 211.0 84.0 186.0 837.0 71.0 158.0 7.0 6.0 10.0 6.0 7.0 9.0 7.0 6.0 18.0 12.0 6.0 9.0 20.0 30.0 10.0 23.0 8.0 37.0 10.0 8.0 21.0 21.0 8.0 11.0 9.0 9.0 10.0 2171.0 6.0 9.0 6.0 6.0 9.0 6.0 5.0 9.0 5.0 6.0 9.0 6.0 5.0 9.0 6.0 6.0 9.0 6.0 5.0 10.0 5.0 6.0 9.0 6.0 6.0 9.0 6.0 7.0 24.0 7.0 4.0 10.0 6.0 7.0 33.0 23.0 10.0 14.0 3.0 25.0 7.0 4.0 48.0 9.0 16.0 19.0 24.0 49.0 21.0 45.0 107.0 175.0 19.0 17.0 14.0 288.0 57.0 43.0 36.0 461.0 50.0 28.0 21.0 16.0 16.0 43.0 21.0 45.0 32.0 33.0 16.0 132.0 41.0 253.0 49.0 99.0 309.0 36.0 40.0 54.0 69.0 31.0 51.0 323.0 18.0 7.0 74.0 25.0 14.0 121.0 127.0 81.0 98.0 84.0 30.0 10.0 4.0 16.0 71.0 85.0 72.0 82.0 163.0 108.0 69.0 42.0 49.0 63.0 11.0 16.0 16.0 21.0 12.0 50.0 38.0 52.0 31.0 41.0 56.0 8.0 40.0 54.0 13.0 11.0 8.0 97.0 310.0 50.0 117.0 299.0 10.0 448.0 161.0 20.0 42.0 278.0 342.0 65.0 1044.0 ];
subtimes{5} = [24.0 10.0 15.0 19.0 12.0 7.0 15.0 18.0 11.0 13.0 12.0 20.0 14.0 19.0 11.0 15.0 9.0 15.0 14.0 10.0 13.0 15.0 14.0 10.0 12.0 11.0 5.0 16.0 16.0 8.0 13.0 11.0 11.0 13.0 12.0 11.0 22.0 21.0 18.0 12.0 7.0 20.0 12.0 19.0 23.0 13.0 11.0 10.0 14.0 21.0 9.0 24.0 6.0 16.0 25.0 10.0 27.0 22.0 12.0 18.0 13.0 9.0 21.0 12.0 5.0 8.0 13.0 6.0 9.0 17.0 6.0 9.0 13.0 9.0 6.0 11.0 6.0 6.0 8.0 3.0 7.0 7.0 12.0 11.0 10.0 12.0 10.0 7.0 7.0 13.0 7.0 7.0 6.0 9.0 8.0 12.0 15.0 5.0 11.0 12.0 6.0 10.0 14.0 11.0 2.0 5.0 7.0 2.0 17.0 6.0 7.0 10.0 9.0 2.0 7.0 9.0 2.0 5.0 5.0 2.0 27.0 13.0 7.0 4.0 10.0 3.0 10.0 13.0 21.0 8.0 24.0 4.0 19.0 27.0 14.0 9.0 11.0 6.0 14.0 26.0 31.0 28.0 6.0 14.0 27.0 9.0 34.0 16.0 9.0 13.0 21.0 8.0 9.0 26.0 36.0 9.0 39.0 15.0 45.0 42.0 32.0 10.0 27.0 20.0 21.0 25.0 30.0 12.0 40.0 8.0 15.0 32.0 12.0 11.0 36.0 25.0 16.0 16.0 15.0 31.0 17.0 10.0 34.0 15.0 33.0 32.0 22.0 7.0 31.0 46.0 105.0 10.0 16.0 12.0 9.0 13.0 81.0 3.0 5.0 3.0 3.0 5.0 4.0 3.0 13.0 23.0 7.0 37.0 729.0 290.0 788.0 7.0 21.0 30.0 7.0 36.0 6.0 22.0 26.0 26.0 30.0 10.0 8.0 179.0 741.0 ];
subtimes{6} = [14.0 13.0 9.0 20.0 19.0 12.0 10.0 8.0 13.0 6.0 6.0 8.0 7.0 13.0 18.0 17.0 9.0 7.0 9.0 11.0 8.0 14.0 5.0 11.0 15.0 9.0 4.0 8.0 11.0 20.0 19.0 9.0 9.0 12.0 12.0 10.0 11.0 10.0 4.0 12.0 8.0 9.0 12.0 14.0 8.0 9.0 11.0 12.0 18.0 7.0 5.0 9.0 6.0 5.0 12.0 12.0 4.0 16.0 4.0 10.0 15.0 4.0 9.0 9.0 13.0 13.0 10.0 4.0 11.0 12.0 9.0 12.0 7.0 4.0 7.0 12.0 4.0 7.0 10.0 7.0 4.0 11.0 10.0 8.0 12.0 11.0 9.0 13.0 5.0 9.0 10.0 11.0 9.0 13.0 5.0 4.0 12.0 6.0 6.0 10.0 5.0 10.0 7.0 10.0 12.0 13.0 5.0 11.0 10.0 10.0 5.0 12.0 4.0 5.0 9.0 9.0 4.0 11.0 7.0 11.0 11.0 11.0 5.0 12.0 4.0 7.0 11.0 5.0 10.0 11.0 10.0 7.0 7.0 15.0 24.0 15.0 9.0 11.0 9.0 11.0 4.0 13.0 10.0 12.0 11.0 12.0 14.0 7.0 13.0 9.0 6.0 8.0 6.0 45.0 11.0 9.0 17.0 4.0 9.0 15.0 10.0 15.0 13.0 7.0 11.0 8.0 6.0 7.0 15.0 20.0 33.0 13.0 15.0 8.0 34.0 14.0 46.0 7.0 31.0 6.0 16.0 14.0 13.0 40.0 30.0 13.0 32.0 8.0 11.0 17.0 23.0 15.0 14.0 13.0 8.0 31.0 11.0 27.0 23.0 8.0 19.0 24.0 19.0 11.0 19.0 19.0 14.0 13.0 8.0 13.0 10.0 12.0 11.0 11.0 15.0 8.0 13.0 6.0 9.0 10.0 8.0 8.0 12.0 10.0 9.0 17.0 11.0 9.0 10.0 10.0 8.0 12.0 8.0 14.0 10.0 9.0 8.0 12.0 12.0 13.0 15.0 7.0 9.0 11.0 11.0 11.0 13.0 9.0 10.0 12.0 11.0 12.0 17.0 6.0 14.0 10.0 14.0 11.0 12.0 10.0 10.0 11.0 8.0 10.0 14.0 9.0 13.0 11.0 10.0 8.0 11.0 8.0 10.0 15.0 9.0 8.0 13.0 8.0 9.0 10.0 9.0 10.0 13.0 9.0 9.0 11.0 9.0 8.0 12.0 8.0 10.0 10.0 9.0 8.0 12.0 8.0 9.0 10.0 9.0 9.0 22.0 11.0 9.0 12.0 14.0 12.0 15.0 14.0 12.0 16.0 8.0 6.0 8.0 9.0 13.0 73.0 119.0 21.0 7.0 11.0 17.0 12.0 9.0 6.0 13.0 10.0 9.0 9.0 11.0 6.0 11.0 22.0 8.0 22.0 14.0 9.0 18.0 19.0 24.0 43.0 16.0 17.0 23.0 11.0 43.0 13.0 14.0 20.0 14.0 77.0 92.0 86.0 920.0 ];
subtimes{7} = [18.0 21.0 19.0 22.0 12.0 10.0 13.0 19.0 8.0 22.0 22.0 14.0 31.0 13.0 10.0 11.0 13.0 11.0 12.0 11.0 18.0 32.0 14.0 14.0 25.0 20.0 14.0 27.0 12.0 15.0 51.0 12.0 20.0 19.0 13.0 41.0 14.0 18.0 28.0 31.0 24.0 13.0 25.0 12.0 40.0 26.0 21.0 11.0 24.0 24.0 16.0 10.0 11.0 44.0 14.0 16.0 24.0 19.0 10.0 20.0 14.0 36.0 13.0 23.0 16.0 21.0 15.0 28.0 13.0 30.0 36.0 27.0 38.0 22.0 14.0 17.0 17.0 32.0 13.0 37.0 26.0 25.0 102.0 65.0 18.0 22.0 32.0 12.0 121.0 31.0 75.0 261.0 174.0 870.0 ];
subtimes{8} = [32.0 11.0 21.0 23.0 12.0 9.0 21.0 18.0 12.0 23.0 15.0 13.0 16.0 19.0 21.0 20.0 13.0 11.0 23.0 13.0 9.0 13.0 12.0 13.0 13.0 7.0 13.0 14.0 10.0 10.0 14.0 13.0 11.0 13.0 10.0 13.0 12.0 11.0 11.0 6.0 12.0 6.0 19.0 10.0 13.0 14.0 5.0 13.0 13.0 12.0 11.0 13.0 11.0 8.0 15.0 8.0 15.0 23.0 13.0 12.0 14.0 10.0 11.0 17.0 5.0 13.0 21.0 6.0 8.0 21.0 12.0 13.0 29.0 7.0 9.0 9.0 11.0 17.0 11.0 17.0 5.0 8.0 12.0 11.0 15.0 15.0 10.0 44.0 14.0 18.0 22.0 16.0 14.0 22.0 11.0 19.0 12.0 35.0 16.0 23.0 9.0 27.0 19.0 15.0 15.0 56.0 19.0 11.0 28.0 24.0 33.0 25.0 24.0 8.0 13.0 13.0 20.0 108.0 114.0 33.0 14.0 206.0 67.0 17.0 12.0 14.0 17.0 12.0 13.0 17.0 14.0 13.0 14.0 13.0 12.0 16.0 14.0 15.0 17.0 18.0 18.0 20.0 18.0 18.0 18.0 16.0 12.0 96.0 1045.0 ];
