goalReached = [1 1 1 1 1 1 1 0 ];
episodeCount = [236 204 319 441 163 277 120 399 ];
totalTime = [9395.86 5579.75 6365.87 11796.75 4373.33 17000.38 5294.95 21059.91 ];
subtimes{1} = [10.0 7.0 5.0 18.0 14.0 14.0 16.0 13.0 9.0 36.0 14.0 12.0 15.0 9.0 14.0 16.0 15.0 9.0 9.0 13.0 15.0 15.0 15.0 15.0 7.0 9.0 4.0 13.0 16.0 9.0 13.0 12.0 7.0 14.0 5.0 7.0 16.0 7.0 7.0 10.0 7.0 7.0 19.0 8.0 7.0 10.0 6.0 11.0 12.0 6.0 9.0 9.0 13.0 3.0 19.0 16.0 15.0 5.0 11.0 10.0 16.0 8.0 11.0 8.0 3.0 7.0 9.0 8.0 6.0 10.0 13.0 10.0 7.0 8.0 8.0 12.0 9.0 14.0 19.0 16.0 30.0 19.0 10.0 15.0 55.0 25.0 52.0 129.0 104.0 198.0 32.0 13.0 60.0 10.0 33.0 16.0 18.0 27.0 17.0 35.0 38.0 13.0 80.0 55.0 16.0 21.0 4.0 21.0 21.0 35.0 8.0 69.0 17.0 25.0 46.0 3.0 17.0 25.0 44.0 7.0 18.0 12.0 23.0 8.0 9.0 13.0 17.0 8.0 4.0 5.0 15.0 6.0 12.0 8.0 6.0 13.0 11.0 25.0 15.0 5.0 13.0 8.0 5.0 14.0 10.0 9.0 4.0 7.0 13.0 10.0 32.0 8.0 6.0 8.0 6.0 18.0 14.0 7.0 7.0 19.0 7.0 14.0 12.0 5.0 4.0 7.0 6.0 39.0 7.0 16.0 12.0 18.0 14.0 14.0 30.0 12.0 6.0 4.0 26.0 13.0 7.0 8.0 7.0 14.0 49.0 33.0 44.0 33.0 64.0 110.0 67.0 255.0 111.0 580.0 105.0 61.0 8.0 160.0 27.0 83.0 217.0 15.0 4.0 77.0 61.0 23.0 89.0 39.0 51.0 70.0 20.0 533.0 78.0 13.0 23.0 22.0 80.0 48.0 176.0 265.0 165.0 26.0 192.0 99.0 82.0 255.0 485.0 67.0 42.0 104.0 6.0 33.0 8.0 290.0 32.0 711.0 ];
subtimes{2} = [9.0 13.0 9.0 23.0 16.0 9.0 19.0 23.0 21.0 12.0 14.0 6.0 12.0 9.0 11.0 8.0 11.0 11.0 7.0 9.0 8.0 8.0 13.0 12.0 11.0 9.0 10.0 9.0 14.0 4.0 12.0 4.0 10.0 9.0 14.0 8.0 11.0 9.0 10.0 10.0 10.0 5.0 12.0 14.0 9.0 12.0 4.0 8.0 16.0 9.0 10.0 14.0 14.0 4.0 11.0 18.0 10.0 14.0 8.0 12.0 11.0 11.0 11.0 11.0 19.0 18.0 21.0 16.0 18.0 12.0 19.0 9.0 23.0 28.0 21.0 25.0 10.0 8.0 14.0 19.0 10.0 8.0 12.0 6.0 13.0 21.0 8.0 19.0 24.0 9.0 21.0 19.0 11.0 12.0 21.0 7.0 18.0 10.0 13.0 37.0 22.0 9.0 26.0 7.0 30.0 13.0 10.0 21.0 12.0 14.0 11.0 21.0 8.0 19.0 13.0 15.0 41.0 9.0 12.0 25.0 21.0 44.0 55.0 17.0 28.0 23.0 16.0 16.0 10.0 11.0 11.0 9.0 10.0 8.0 10.0 11.0 8.0 9.0 12.0 6.0 11.0 11.0 9.0 6.0 15.0 10.0 10.0 11.0 12.0 8.0 8.0 9.0 9.0 12.0 13.0 15.0 17.0 9.0 12.0 13.0 12.0 8.0 11.0 11.0 14.0 13.0 9.0 9.0 27.0 71.0 12.0 52.0 20.0 120.0 165.0 85.0 85.0 21.0 16.0 37.0 22.0 54.0 11.0 48.0 45.0 88.0 55.0 470.0 126.0 23.0 35.0 15.0 34.0 73.0 20.0 17.0 46.0 22.0 62.0 111.0 111.0 165.0 100.0 849.0 ];
subtimes{3} = [15.0 7.0 10.0 20.0 19.0 13.0 21.0 13.0 15.0 11.0 8.0 4.0 23.0 10.0 18.0 14.0 5.0 10.0 13.0 4.0 4.0 10.0 8.0 12.0 14.0 7.0 9.0 13.0 5.0 6.0 19.0 8.0 4.0 6.0 9.0 5.0 13.0 9.0 12.0 11.0 8.0 11.0 13.0 10.0 4.0 7.0 8.0 5.0 10.0 12.0 9.0 12.0 10.0 9.0 13.0 5.0 7.0 8.0 16.0 16.0 9.0 9.0 10.0 6.0 10.0 10.0 11.0 5.0 9.0 11.0 4.0 11.0 11.0 9.0 9.0 7.0 4.0 9.0 12.0 9.0 5.0 7.0 6.0 14.0 13.0 5.0 4.0 9.0 10.0 12.0 13.0 5.0 4.0 7.0 11.0 4.0 7.0 6.0 5.0 7.0 8.0 11.0 7.0 5.0 8.0 6.0 5.0 13.0 7.0 4.0 4.0 7.0 4.0 7.0 11.0 5.0 4.0 9.0 11.0 4.0 7.0 7.0 8.0 6.0 7.0 4.0 7.0 12.0 5.0 12.0 5.0 4.0 8.0 5.0 8.0 7.0 9.0 6.0 6.0 8.0 8.0 7.0 5.0 5.0 7.0 9.0 5.0 9.0 6.0 4.0 10.0 10.0 4.0 6.0 11.0 8.0 13.0 10.0 10.0 7.0 11.0 9.0 11.0 7.0 10.0 10.0 7.0 5.0 8.0 5.0 8.0 6.0 5.0 4.0 6.0 10.0 11.0 14.0 5.0 10.0 11.0 12.0 10.0 11.0 8.0 5.0 6.0 4.0 4.0 14.0 45.0 5.0 7.0 4.0 9.0 15.0 10.0 18.0 12.0 11.0 11.0 9.0 7.0 5.0 10.0 20.0 22.0 42.0 18.0 26.0 29.0 8.0 20.0 29.0 40.0 40.0 12.0 9.0 69.0 61.0 38.0 41.0 12.0 31.0 20.0 22.0 23.0 48.0 22.0 67.0 22.0 87.0 14.0 77.0 42.0 21.0 47.0 21.0 48.0 4.0 19.0 49.0 9.0 7.0 8.0 21.0 20.0 11.0 20.0 13.0 9.0 18.0 11.0 9.0 17.0 12.0 19.0 22.0 22.0 45.0 4.0 24.0 9.0 22.0 12.0 21.0 4.0 23.0 76.0 36.0 146.0 23.0 14.0 91.0 13.0 91.0 10.0 10.0 92.0 14.0 7.0 9.0 13.0 11.0 9.0 12.0 7.0 10.0 14.0 10.0 12.0 10.0 6.0 74.0 9.0 9.0 11.0 42.0 39.0 61.0 147.0 168.0 68.0 104.0 84.0 11.0 120.0 20.0 72.0 12.0 9.0 16.0 35.0 18.0 16.0 44.0 20.0 54.0 899.0 ];
subtimes{4} = [14.0 13.0 12.0 21.0 22.0 21.0 26.0 11.0 22.0 23.0 13.0 19.0 24.0 14.0 14.0 22.0 13.0 14.0 14.0 11.0 21.0 15.0 21.0 20.0 14.0 12.0 14.0 19.0 14.0 11.0 18.0 13.0 20.0 14.0 13.0 11.0 30.0 8.0 16.0 23.0 10.0 20.0 24.0 19.0 17.0 22.0 21.0 21.0 14.0 14.0 21.0 20.0 14.0 21.0 13.0 17.0 20.0 16.0 26.0 12.0 15.0 12.0 10.0 22.0 14.0 7.0 23.0 6.0 9.0 11.0 9.0 22.0 15.0 17.0 10.0 11.0 6.0 13.0 14.0 10.0 9.0 23.0 17.0 9.0 11.0 10.0 10.0 15.0 9.0 10.0 11.0 5.0 15.0 15.0 18.0 17.0 11.0 10.0 9.0 12.0 9.0 16.0 13.0 21.0 12.0 13.0 8.0 23.0 12.0 9.0 11.0 14.0 19.0 12.0 12.0 9.0 10.0 10.0 8.0 17.0 7.0 9.0 9.0 7.0 11.0 8.0 13.0 11.0 10.0 11.0 9.0 10.0 12.0 21.0 11.0 10.0 11.0 11.0 12.0 8.0 11.0 14.0 12.0 9.0 12.0 10.0 15.0 10.0 7.0 11.0 11.0 10.0 9.0 10.0 12.0 14.0 16.0 9.0 9.0 12.0 10.0 9.0 15.0 5.0 10.0 10.0 8.0 8.0 15.0 12.0 11.0 11.0 10.0 9.0 7.0 9.0 4.0 10.0 8.0 4.0 7.0 6.0 11.0 9.0 8.0 12.0 12.0 4.0 9.0 11.0 11.0 9.0 11.0 9.0 10.0 7.0 12.0 4.0 7.0 13.0 11.0 8.0 8.0 9.0 11.0 9.0 9.0 14.0 10.0 10.0 14.0 14.0 15.0 23.0 15.0 15.0 13.0 13.0 11.0 15.0 10.0 16.0 24.0 20.0 8.0 66.0 21.0 80.0 22.0 14.0 22.0 25.0 27.0 24.0 22.0 38.0 23.0 15.0 19.0 13.0 21.0 21.0 26.0 22.0 22.0 13.0 22.0 12.0 29.0 50.0 14.0 10.0 23.0 22.0 21.0 24.0 8.0 11.0 28.0 22.0 22.0 25.0 9.0 18.0 16.0 19.0 17.0 26.0 21.0 18.0 13.0 21.0 12.0 52.0 14.0 73.0 15.0 24.0 10.0 13.0 29.0 52.0 52.0 25.0 19.0 87.0 50.0 49.0 10.0 113.0 18.0 20.0 242.0 19.0 157.0 10.0 26.0 33.0 12.0 30.0 8.0 6.0 39.0 44.0 8.0 11.0 11.0 9.0 18.0 12.0 191.0 109.0 184.0 692.0 60.0 62.0 25.0 56.0 19.0 66.0 290.0 426.0 13.0 6.0 19.0 6.0 12.0 8.0 50.0 56.0 13.0 76.0 10.0 13.0 37.0 14.0 17.0 43.0 11.0 23.0 70.0 32.0 14.0 33.0 82.0 37.0 74.0 44.0 14.0 13.0 35.0 32.0 47.0 15.0 40.0 10.0 37.0 14.0 18.0 23.0 30.0 12.0 14.0 9.0 21.0 16.0 35.0 17.0 13.0 12.0 64.0 20.0 17.0 16.0 29.0 13.0 8.0 41.0 16.0 14.0 11.0 15.0 19.0 60.0 18.0 49.0 222.0 9.0 10.0 76.0 43.0 41.0 52.0 75.0 69.0 16.0 17.0 13.0 14.0 8.0 39.0 38.0 16.0 10.0 10.0 18.0 6.0 25.0 45.0 10.0 9.0 10.0 13.0 10.0 10.0 20.0 43.0 14.0 10.0 22.0 11.0 20.0 10.0 11.0 9.0 43.0 8.0 13.0 50.0 11.0 9.0 35.0 40.0 16.0 7.0 47.0 6.0 6.0 35.0 199.0 849.0 ];
subtimes{5} = [20.0 10.0 19.0 17.0 15.0 23.0 19.0 10.0 14.0 27.0 12.0 22.0 11.0 13.0 16.0 23.0 13.0 12.0 22.0 16.0 11.0 26.0 16.0 26.0 16.0 13.0 15.0 14.0 14.0 23.0 14.0 15.0 11.0 27.0 22.0 9.0 24.0 19.0 22.0 16.0 22.0 30.0 14.0 11.0 12.0 15.0 23.0 19.0 23.0 11.0 17.0 31.0 27.0 14.0 12.0 13.0 12.0 34.0 12.0 20.0 13.0 16.0 26.0 18.0 10.0 14.0 14.0 10.0 26.0 9.0 13.0 14.0 15.0 9.0 17.0 12.0 12.0 12.0 15.0 8.0 12.0 15.0 13.0 8.0 15.0 19.0 11.0 18.0 6.0 12.0 13.0 19.0 8.0 20.0 6.0 18.0 20.0 17.0 11.0 13.0 15.0 16.0 19.0 11.0 10.0 17.0 10.0 22.0 13.0 14.0 14.0 20.0 15.0 14.0 14.0 19.0 11.0 18.0 16.0 23.0 14.0 7.0 7.0 12.0 6.0 7.0 68.0 11.0 23.0 26.0 23.0 28.0 74.0 21.0 18.0 21.0 9.0 12.0 54.0 92.0 64.0 24.0 12.0 25.0 25.0 14.0 25.0 26.0 249.0 24.0 27.0 20.0 12.0 16.0 50.0 23.0 23.0 23.0 131.0 61.0 61.0 116.0 857.0 ];
