step{1} = [149 125 85 270 224 224 217 229 151 556 226 216 220 140 221 227 248 141 126 213 248 208 243 248 80 147 68 172 263 141 177 204 123 204 86 115 215 121 114 129 119 104 276 129 111 139 97 180 150 99 142 117 212 52 286 241 263 48 191 141 210 134 147 84 49 116 103 132 103 108 217 109 84 133 91 169 123 231 252 250 464 235 133 235 796 364 810 1951 1605 2936 428 189 891 106 486 208 231 403 215 508 548 193 1158 838 245 249 64 296 252 518 99 895 221 323 527 36 222 285 528 87 185 149 296 77 103 157 166 91 36 38 156 71 126 95 74 140 140 293 179 66 145 69 62 176 107 85 53 55 169 115 367 113 76 67 73 187 134 82 79 207 98 175 120 59 57 47 78 462 58 173 155 170 152 162 311 148 77 32 348 147 52 98 82 155 587 396 532 390 803 1322 806 3057 1313 6930 1247 682 98 1951 309 964 2507 169 48 899 680 295 1069 432 618 858 220 6138 926 124 251 262 931 564 2109 3108 1967 292 2263 1194 961 2918 5658 779 442 1108 70 338 94 3185 343 7885 ];
step{2} = [93 142 123 217 227 123 217 286 276 124 190 55 106 108 139 62 128 141 52 104 115 55 163 153 101 110 112 92 185 54 126 51 131 82 157 109 118 111 111 98 118 54 115 179 112 122 53 104 169 124 115 139 188 50 116 235 117 128 106 141 127 145 143 118 223 221 220 217 225 107 226 100 246 338 225 285 135 103 152 225 112 84 129 91 132 260 109 222 299 110 218 217 146 119 226 93 188 117 141 396 250 116 276 85 366 127 122 249 112 159 121 231 107 247 140 193 470 104 162 306 238 529 689 164 345 276 164 189 118 115 145 118 102 103 113 103 97 128 104 56 130 107 100 73 127 102 122 105 126 102 68 94 111 115 142 166 170 117 121 129 137 96 97 115 150 124 100 108 302 832 112 609 240 1419 1927 945 990 214 200 468 244 583 117 541 490 979 594 5225 1453 234 391 150 378 829 234 146 532 237 685 1213 1264 1828 1089 9177 ];
step{3} = [152 92 116 219 223 139 224 146 173 105 84 50 251 104 218 124 55 127 119 52 51 99 83 127 103 84 103 129 56 59 187 89 54 54 111 51 132 100 133 104 103 125 120 114 52 54 104 51 97 127 103 114 105 102 126 56 83 50 184 182 81 97 127 48 119 114 91 57 106 111 50 113 102 100 98 51 51 101 103 104 53 56 55 177 106 55 49 74 102 104 95 50 47 52 106 48 61 77 51 50 103 116 52 58 87 48 54 144 54 52 51 53 47 85 96 55 53 83 127 46 51 75 82 46 73 47 52 103 55 102 63 52 51 51 99 48 93 69 48 82 86 49 50 52 50 99 55 88 52 51 98 102 49 48 100 97 125 102 89 48 102 102 100 75 123 90 78 50 52 62 89 48 54 52 47 109 122 112 57 111 100 126 119 95 96 45 50 45 49 135 505 55 41 48 93 142 101 196 92 131 123 62 88 49 91 216 250 438 212 291 293 84 209 270 424 425 105 104 766 649 416 439 119 341 217 206 232 552 211 717 233 865 128 841 415 199 508 192 511 52 185 533 102 51 94 216 204 120 210 107 99 188 88 87 187 102 204 213 214 486 43 214 101 225 102 208 46 203 814 392 1509 253 151 918 139 950 61 109 947 114 84 86 103 103 93 85 64 99 111 99 105 88 62 763 64 94 124 418 389 662 1508 1712 668 1056 861 102 1218 205 755 99 90 174 345 185 163 446 198 564 9025 ];
step{4} = [103 132 124 220 227 226 266 142 245 220 129 215 221 140 149 224 131 141 126 123 236 131 228 222 121 127 139 183 139 108 172 132 195 108 137 122 302 94 174 214 123 220 235 215 187 218 226 223 116 131 220 198 149 225 125 172 221 143 269 128 120 120 106 214 138 71 210 55 102 102 101 219 154 167 103 100 60 137 127 99 103 216 178 102 109 104 103 124 101 107 102 59 174 122 192 177 99 101 102 104 97 187 106 206 139 96 89 220 98 94 124 98 209 121 109 96 96 89 94 183 56 96 100 56 118 89 106 116 101 107 96 95 102 212 124 94 117 104 92 94 100 125 120 93 103 98 149 94 78 115 101 101 95 82 120 137 131 98 90 94 100 87 117 49 113 97 80 93 127 100 96 101 97 92 47 93 47 90 81 47 52 48 122 46 92 109 101 47 93 103 100 100 92 98 100 49 101 47 52 121 96 67 83 95 100 98 93 114 116 107 127 123 146 208 146 161 107 123 112 128 112 149 221 208 82 648 216 824 209 149 220 224 280 257 204 358 217 133 199 138 209 216 242 209 232 129 206 131 281 461 141 106 201 211 213 225 82 115 250 209 199 211 100 192 141 198 187 244 208 196 110 209 118 512 132 734 124 221 99 119 278 530 479 227 181 842 467 468 85 1099 190 181 2449 199 1512 92 274 301 120 299 58 60 405 420 85 108 84 90 186 93 1881 995 1732 6688 578 608 222 551 160 661 2739 3957 114 49 147 52 118 47 463 524 104 733 102 102 347 130 130 388 102 185 672 307 99 303 771 324 684 394 99 98 331 272 426 122 345 101 328 119 161 228 249 119 131 68 178 135 305 154 114 96 576 166 138 142 248 100 66 381 122 129 102 113 172 558 138 425 1996 58 95 710 374 351 459 642 623 124 138 108 130 60 355 330 110 93 85 143 62 234 386 95 66 73 116 97 74 188 361 104 97 201 67 180 88 90 82 381 50 102 448 79 86 312 348 136 53 392 55 49 291 1746 7411 ];
step{5} = [153 92 180 126 149 225 154 100 134 249 112 215 91 105 148 213 131 108 184 137 113 216 152 237 144 110 146 106 130 215 119 139 118 218 210 95 219 177 217 139 211 253 113 107 117 111 186 191 214 118 146 277 248 133 98 102 113 295 115 193 84 151 249 153 90 126 107 98 248 69 113 126 124 81 155 86 113 113 108 77 120 129 133 85 119 176 96 147 62 122 109 151 84 157 62 167 161 152 111 82 154 155 144 95 103 144 102 195 93 130 123 155 148 120 105 160 107 154 133 221 102 77 71 98 66 69 591 97 224 220 222 272 665 202 176 183 78 124 469 889 567 212 108 220 216 136 223 222 2315 214 206 199 115 117 466 218 203 199 1210 524 574 1043 7775 ];
step{6} = [115 121 186 123 121 137 130 98 89 112 95 104 50 105 52 100 85 51 62 113 133 108 62 83 106 63 80 125 101 117 92 63 77 64 97 217 55 56 97 154 53 104 49 228 405 378 91 109 51 242 110 61 402 99 62 150 198 62 59 213 127 190 83 107 132 126 106 125 167 96 108 222 147 290 250 106 165 91 216 235 86 110 71 141 125 216 178 83 97 109 72 120 128 128 130 205 216 135 104 70 65 74 61 91 81 105 109 167 101 104 71 121 73 64 131 74 127 63 75 97 137 130 104 85 126 63 105 88 96 131 81 139 112 63 115 65 111 124 85 163 133 100 175 81 165 70 70 122 98 72 73 154 61 122 151 137 65 75 92 73 65 162 73 177 74 70 84 77 85 126 72 77 89 73 103 76 66 181 267 178 170 172 108 192 240 717 390 301 485 265 5910 7477 360 4018 1881 5263 2315 1939 1531 735 2199 1014 3209 207 163 2271 5038 800 426 775 263 1054 611 189 198 702 327 321 984 346 189 601 111 569 300 156 883 44 423 434 338 717 416 320 3601 1686 1073 2144 102 1785 1363 534 463 54 2821 1065 5592 2341 221 1555 212 114 1293 1046 57 2796 906 1939 212 741 774 590 277 351 2335 889 295 1083 984 972 2483 507 103 461 95 2823 7369 ];
step{7} = [108 128 120 218 218 132 109 211 274 603 234 122 217 223 232 343 219 278 209 242 219 216 278 230 212 122 272 128 215 217 126 101 134 130 138 222 120 213 109 146 126 134 214 133 116 121 123 135 210 117 120 309 120 489 222 337 233 230 90 80 134 922 134 228 859 227 572 220 562 277 553 236 119 225 218 938 205 98 119 468 134 86 152 83 152 216 52 68 53 65 79 147 81 245 131 274 280 168 98 201 575 217 213 1193 210 439 528 228 714 942 214 609 192 217 600 795 1071 2134 2451 7161 ];
