goalReached = [0 ];
episodeCount = [2 ];
totalTime = [5.7 ];
subtimes{1} = [3.0 1.0 ];
c_OpponentsRight_carToTheRight{1} = [0 0 ];
c_OpponentsRight_carCloseToTheRight{1} = [0 0 ];
c_OpponentsRight_rightFree{1} = [295 26 ];
c_OpponentsRight_carFarToTheRight{1} = [0 0 ];
c_OpponentsRight_start{1} = [0 0 ];
c_OpponentsRight_default{1} = [0 0 ];
c_OpponentsBehind_start{1} = [0 0 ];
c_OpponentsBehind_carCloseBehind{1} = [0 0 ];
c_OpponentsBehind_carBehind{1} = [0 0 ];
c_OpponentsBehind_carFarbehind{1} = [0 0 ];
c_OpponentsBehind_behindFree{1} = [295 26 ];
c_OpponentsBehind_default{1} = [0 0 ];
c_OpponentsLeft_carCloseToTheLeft{1} = [0 0 ];
c_OpponentsLeft_carToTheLeft{1} = [0 0 ];
c_OpponentsLeft_start{1} = [0 0 ];
c_OpponentsLeft_carFarToTheLeft{1} = [0 0 ];
c_OpponentsLeft_leftFree{1} = [295 26 ];
c_OpponentsLeft_default{1} = [0 0 ];
c_OpponentsAhead_start{1} = [0 0 ];
c_OpponentsAhead_carCloseAhead{1} = [0 0 ];
c_OpponentsAhead_carAhead{1} = [0 0 ];
c_OpponentsAhead_carFarAhead{1} = [0 0 ];
c_OpponentsAhead_frontFree{1} = [295 26 ];
c_OpponentsAhead_default{1} = [0 0 ];
c_TrackPos_leftOffRoad{1} = [0 0 ];
c_TrackPos_limitRoad{1} = [3 3 ];
c_TrackPos_centerRoad{1} = [21 16 ];
c_TrackPos_start{1} = [0 0 ];
c_TrackPos_rightOffRoad{1} = [271 7 ];
c_TrackPos_default{1} = [0 0 ];
c_Damage_damaged{1} = [2 2 ];
c_Damage_normal{1} = [293 24 ];
c_Damage_start{1} = [0 0 ];
c_Damage_default{1} = [0 0 ];
c_Speed_Stuck{1} = [220 2 ];
c_Speed_Turning{1} = [16 8 ];
c_Speed_GoingStraight{1} = [59 16 ];
c_Speed_start{1} = [0 0 ];
c_Speed_default{1} = [0 0 ];
step{1} = [295 26 ];
rewardsPerEpisode{1} = [-251542.68 -133.41 ];
rewardsPerStep{1}{1} = [-1150.24 10.04 10.02 10.08 10.2 10.46 10.57 10.67 10.6 10.79 10.92 11.14 11.41 11.53 12.08 12.73 13.34 14.6 16.2 17.61 18.75 4.87 3.38 1.54 -10.92 -15.75 -20.92 -26.59 -68.68 -48.5 -58.45 -68.47 -78.48 -88.48 -98.48 -108.48 -118.48 -128.48 -138.49 -148.49 -158.49 -168.49 -178.49 -188.49 -198.49 -208.49 -218.49 -228.5 -238.5 -248.5 -258.5 -268.5 -278.5 -288.5 -298.5 -308.51 -318.51 -328.51 -338.51 -348.52 -358.52 -368.52 -378.52 -388.53 -398.53 -408.53 -418.53 -428.53 -438.53 -448.54 -458.54 -468.54 -478.55 -488.55 -498.55 -508.55 -518.56 -528.56 -538.57 -548.57 -558.57 -568.57 -578.57 -588.57 -598.58 -608.58 -618.59 -628.59 -638.59 -648.59 -658.6 -668.6 -678.61 -688.61 -698.62 -708.62 -718.63 -728.63 -738.64 -748.64 -758.64 -768.64 -778.65 -788.65 -798.65 -808.65 -818.66 -828.66 -838.67 -848.67 -858.67 -868.67 -878.68 -888.68 -898.68 -908.68 -918.69 -928.69 -938.69 -948.7 -958.7 -968.71 -978.71 -988.71 -998.71 -1008.71 -1018.72 -1028.72 -1038.72 -1048.73 -1058.74 -1068.74 -1078.75 -1088.75 -1098.75 -1108.76 -1118.76 -1128.77 -1138.77 -1148.77 -1158.78 -1168.78 -1178.79 -1188.79 -1198.8 -1208.8 -1218.8 -1228.8 -1238.81 -1248.81 -1258.82 -1268.82 -1278.82 -1288.82 -1298.82 -1308.82 -1318.82 -1328.83 -1338.83 -1348.83 -1358.83 -1368.84 -1378.85 -1388.85 -1398.86 -1408.86 -1418.87 -1428.87 -1438.88 -1448.89 -1458.9 -1468.91 -1478.91 -1488.92 -1498.93 -1508.94 -1518.94 -1528.94 -1538.95 -1548.96 -1558.96 -1568.96 -1578.96 -1588.96 -1598.96 -1608.96 -1618.97 -1628.97 -1638.97 -1648.98 -1658.98 -1668.99 -1678.99 -1689.0 -1699.01 -1709.01 -1719.03 -1729.03 -1739.05 -1749.08 -1759.1 -1769.12 -1779.14 -1789.15 -1799.17 -1809.19 -1819.2 -1829.21 -1839.22 -1849.22 -1859.24 -1869.29 -1879.3 -1889.31 -1899.31 -1909.32 -1919.35 -1929.34 -1939.35 -1949.36 -1959.38 -1969.39 -1979.38 -1989.4 -1999.46 -2009.51 -2019.56 -2029.59 -2039.64 -2049.7 -2059.78 -2069.82 -2079.82 -2089.87 -2099.92 -2110.0 -2120.03 -2130.1 -2140.09 -2150.1 -2160.12 -2170.12 -2180.14 -2190.14 -2200.12 -2210.11 -2220.16 -2230.19 -30.13 -29.97 -30.03 -30.04 -30.13 -29.96 -29.82 -29.64 -29.54 -29.39 -28.89 -28.41 -28.15 -27.54 -26.81 -25.98 -24.62 -22.8 -21.1 -19.43 -17.15 -15.34 -14.34 -14.18 -14.16 -14.33 -15.45 -17.1 -18.7 -19.19 -18.75 -17.66 -16.57 -16.96 -17.81 -17.83 -17.3 -16.72 -16.65 -17.52 -19.45 -60.73 -20.11 -19.66 -19.46 -19.63 -39.37 ];
rewardsPerStep{1}{2} = [-39.37 10.08 10.06 10.03 10.17 10.4 10.55 10.9 11.22 11.71 12.46 13.45 14.47 15.69 17.43 19.67 3.94 2.48 0.91 -11.29 -14.89 -19.17 -23.76 -28.45 -91.14 -100.95 ];
trackPos{1}{1} = [0.00250219 0.00224826 0.000987562 -0.00404797 -0.0101175 -0.0231166 -0.028281 -0.0335954 -0.0301058 -0.039493 -0.0458778 -0.0568738 -0.0705148 -0.0762588 -0.104027 -0.136615 -0.16702 -0.229969 -0.310191 -0.380356 -0.437263 -0.513401 -0.661881 -0.846269 -1.04597 -1.2876 -1.54621 -1.82943 -1.93423 -1.92511 -1.92269 -1.92354 -1.92376 -1.92385 -1.92392 -1.92401 -1.92406 -1.92414 -1.92426 -1.92431 -1.92439 -1.92441 -1.92448 -1.92456 -1.92463 -1.92466 -1.9247 -1.92476 -1.92485 -1.92486 -1.92489 -1.92494 -1.92494 -1.92511 -1.92522 -1.92537 -1.92552 -1.92568 -1.92573 -1.92591 -1.92604 -1.92616 -1.92622 -1.92627 -1.92633 -1.92642 -1.92649 -1.92666 -1.92673 -1.92696 -1.92708 -1.92711 -1.92725 -1.92741 -1.92755 -1.92765 -1.92787 -1.92809 -1.92825 -1.92827 -1.92843 -1.92847 -1.92862 -1.92862 -1.92879 -1.92907 -1.92927 -1.92944 -1.92951 -1.9297 -1.92985 -1.93007 -1.93045 -1.93059 -1.93088 -1.93115 -1.93145 -1.93169 -1.93183 -1.93188 -1.93208 -1.93216 -1.93228 -1.93255 -1.93255 -1.93274 -1.93287 -1.93316 -1.93334 -1.93349 -1.93366 -1.93359 -1.93389 -1.93399 -1.93413 -1.93425 -1.93436 -1.93452 -1.93469 -1.93484 -1.9351 -1.93536 -1.93546 -1.93556 -1.93557 -1.93569 -1.93596 -1.93601 -1.9362 -1.93643 -1.93692 -1.93704 -1.93733 -1.9375 -1.93774 -1.93781 -1.93811 -1.93826 -1.93842 -1.93863 -1.93881 -1.93913 -1.9394 -1.93953 -1.93975 -1.93987 -1.93995 -1.94003 -1.94031 -1.9407 -1.94109 -1.94099 -1.94119 -1.94111 -1.94119 -1.94111 -1.94115 -1.94136 -1.94147 -1.94151 -1.94165 -1.942 -1.94249 -1.94268 -1.94286 -1.94311 -1.94356 -1.94372 -1.94404 -1.94469 -1.94508 -1.9453 -1.9455 -1.94591 -1.94633 -1.94693 -1.94712 -1.94723 -1.94752 -1.94778 -1.94783 -1.94816 -1.94798 -1.94796 -1.94795 -1.94804 -1.94859 -1.94836 -1.9486 -1.94882 -1.94903 -1.94945 -1.94953 -1.95002 -1.95059 -1.95055 -1.9513 -1.95166 -1.95253 -1.95405 -1.9548 -1.95622 -1.95716 -1.95738 -1.95828 -1.9597 -1.96007 -1.96059 -1.96123 -1.96118 -1.96205 -1.9644 -1.96501 -1.96552 -1.9655 -1.96596 -1.96752 -1.96711 -1.96746 -1.96778 -1.96905 -1.96948 -1.96919 -1.97025 -1.9728 -1.97567 -1.97803 -1.9796 -1.98178 -1.98494 -1.98892 -1.99089 -1.99124 -1.99328 -1.99612 -1.99991 -2.00149 -2.0048 -2.00449 -2.00501 -2.00616 -2.00584 -2.00682 -2.00675 -2.00612 -2.00541 -2.00784 -2.00974 -2.00658 -1.99845 -2.00172 -2.00206 -2.00647 -1.99776 -1.99091 -1.98204 -1.9768 -1.96935 -1.94469 -1.92055 -1.90764 -1.87723 -1.84031 -1.79902 -1.73112 -1.64004 -1.55523 -1.47147 -1.35751 -1.26677 -1.21693 -1.20889 -1.20781 -1.21671 -1.2725 -1.35484 -1.43492 -1.45941 -1.43745 -1.38286 -1.32859 -1.34779 -1.39043 -1.39126 -1.36496 -1.33616 -1.33233 -1.37586 -1.47244 -1.53643 -1.50568 -1.48319 -1.47287 -1.48145 -1.46857 ];
trackPos{1}{2} = [0.00256589 0.00385469 0.00294774 -0.0014204 -0.00870171 -0.0198226 -0.0276672 -0.0448344 -0.0611827 -0.0854148 -0.123171 -0.172738 -0.223581 -0.284641 -0.371708 -0.483375 -0.606321 -0.752498 -0.908556 -1.06463 -1.24455 -1.45871 -1.68813 -1.92271 -2.05706 -2.04732 ];
