step{1} = [147 124 569 245 255 125 229 147 141 305 441 186 230 248 448 124 294 230 134 204 250 219 130 225 146 107 214 132 123 157 284 122 393 107 153 140 121 148 66 61 67 57 77 60 119 123 61 74 68 79 132 75 56 109 57 90 124 65 62 57 87 66 155 157 75 134 101 106 155 88 98 132 156 83 104 99 88 63 64 100 99 75 162 147 219 87 122 137 115 131 171 191 197 253 329 143 877 848 2992 94 541 1532 11762 ];
step{2} = [106 135 118 170 140 121 134 108 268 259 127 127 222 213 218 215 309 558 243 141 235 189 109 112 210 125 219 133 209 274 127 63 168 149 121 207 145 124 122 136 125 109 103 110 54 91 124 188 131 49 96 125 120 54 51 103 94 52 136 133 132 104 101 54 55 52 60 65 80 97 53 114 118 97 49 96 110 192 123 52 145 211 185 212 118 128 146 135 126 144 135 254 251 302 124 282 259 235 232 292 382 369 935 325 323 319 109 265 304 122 171 179 828 463 333 1084 293 5082 9601 ];
step{3} = [105 187 219 218 183 115 216 211 215 562 224 149 220 226 221 142 282 289 116 123 138 556 269 139 128 102 331 302 230 369 221 120 121 221 147 61 163 36 167 105 96 87 74 111 58 130 56 38 53 127 81 130 226 123 234 372 443 481 464 231 226 220 221 416 140 622 608 268 942 1317 3091 6177 8158 ];
step{4} = [232 63 257 244 126 389 518 242 495 242 132 1034 145 451 254 262 347 309 122 230 171 156 230 142 144 235 235 145 261 358 236 135 319 362 304 108 103 231 218 110 145 284 137 166 351 223 173 113 151 139 200 139 218 94 230 147 83 129 108 62 282 82 66 129 159 49 58 46 56 59 131 61 82 130 119 138 66 71 137 68 140 165 81 76 96 62 196 211 204 226 1259 547 523 692 553 2407 353 191 1053 340 578 407 201 1047 251 1076 349 1483 79 586 557 343 712 176 289 689 1086 492 316 597 1123 2420 1124 549 335 623 3358 2595 329 885 695 298 1325 5094 909 1402 1372 1119 7505 ];
step{5} = [115 127 118 219 224 131 89 455 137 219 218 138 555 154 133 222 215 102 274 183 216 111 131 194 225 124 126 105 222 146 119 120 220 221 73 150 145 227 137 172 116 108 231 140 141 106 105 218 112 104 274 64 168 98 104 134 117 170 94 67 132 119 146 109 56 134 113 110 61 138 130 60 56 75 214 62 114 93 79 63 70 104 120 67 130 52 44 55 60 134 126 64 66 61 64 73 102 103 138 151 137 119 104 131 135 65 101 58 54 46 49 48 78 70 53 57 50 111 80 66 118 60 56 138 71 58 81 96 70 110 92 96 106 68 88 195 144 70 85 73 155 78 169 273 82 83 104 182 108 66 128 91 343 779 208 150 100 499 206 708 428 178 641 9897 ];
step{6} = [232 257 602 217 262 132 219 183 256 316 326 502 130 567 241 448 222 118 215 215 299 240 269 87 215 78 94 133 214 197 145 148 185 133 215 218 253 121 230 89 222 200 157 123 210 139 151 108 124 147 55 156 112 64 221 124 192 130 105 199 129 158 66 69 118 115 121 105 100 68 93 115 123 65 56 72 61 160 177 137 155 61 142 134 118 70 63 98 59 80 83 77 73 92 102 146 137 256 132 628 268 82 269 267 238 529 141 665 628 174 551 300 504 74 92 190 825 454 282 209 164 97 174 129 127 127 136 141 163 93 174 67 61 147 78 154 238 158 87 87 132 153 138 178 100 112 91 81 174 92 100 248 132 228 246 137 104 61 100 68 70 74 101 430 65 161 92 175 278 74 65 191 70 79 65 100 275 298 84 211 155 332 88 76 181 79 190 658 8011 8913 ];
step{7} = [108 125 126 217 227 131 98 138 128 142 72 98 66 217 123 118 101 101 122 128 160 93 147 81 157 116 243 138 149 159 436 251 227 222 268 276 473 218 431 242 303 251 280 188 170 220 99 249 274 184 97 223 564 118 570 80 150 65 96 130 75 79 82 84 69 121 67 78 67 62 149 128 80 52 61 69 173 58 127 124 70 109 108 70 220 150 184 172 107 160 92 112 157 116 159 80 81 81 147 178 98 128 153 123 143 74 68 132 75 107 81 66 117 148 98 105 103 140 149 104 80 166 68 105 125 98 119 109 66 169 62 148 60 79 124 159 135 65 130 97 63 103 144 119 110 125 65 121 134 75 116 126 66 116 64 145 566 137 928 109 269 107 98 209 1113 287 112 224 240 243 104 117 109 126 136 184 281 226 254 366 386 358 512 358 154 117 133 154 150 117 113 141 128 183 59 335 120 114 206 102 180 292 284 380 160 323 580 387 313 281 93 336 595 164 1031 559 142 413 2365 200 191 152 176 137 320 489 193 415 896 4159 9938 ];
step{8} = [231 132 217 226 128 433 96 521 241 249 271 241 596 277 133 271 230 136 962 621 224 277 260 252 655 772 968 523 172 983 128 579 680 409 116 43 39 42 42 40 43 43 108 35 45 136 45 116 109 51 144 159 146 1012 238 8458 ];
step{9} = [152 122 250 142 127 128 229 257 509 220 327 124 227 56 169 134 61 482 218 209 278 232 259 362 493 606 290 114 60 217 209 127 120 275 106 97 230 210 102 129 99 50 46 145 142 128 146 116 102 99 136 88 101 61 137 93 66 64 43 82 63 54 108 53 126 145 84 66 66 78 87 86 46 110 64 78 49 43 45 156 62 42 80 102 46 88 47 246 144 267 51 187 130 186 90 239 289 60 213 221 187 926 561 602 252 451 163 152 165 638 188 200 5821 3290 3483 2229 9000 ];
step{10} = [149 135 225 382 146 573 432 220 219 245 124 226 220 216 456 105 136 252 540 494 129 227 284 214 184 402 379 112 145 241 440 124 217 110 233 123 211 161 216 277 223 149 155 510 224 277 179 291 148 151 96 155 105 238 127 149 339 234 344 225 114 227 129 261 137 96 130 234 230 242 126 496 263 1111 1875 1228 581 243 212 555 274 217 227 1192 592 549 106 613 175 224 72 105 906 9387 ];
step{11} = [93 141 126 219 224 135 291 599 228 345 217 134 260 132 425 153 147 103 106 122 137 210 112 126 102 106 106 117 220 221 154 124 141 238 102 131 135 127 106 109 126 103 231 161 525 113 318 259 107 186 96 134 150 196 247 284 280 123 272 260 101 212 220 293 123 166 222 304 242 728 278 211 281 272 277 246 286 317 273 187 398 219 128 277 120 633 1703 1030 362 284 498 375 555 629 626 699 1245 837 454 1055 1052 1567 204 593 334 330 407 775 396 5916 70 72 73 71 72 72 71 72 70 70 71 71 71 70 71 71 70 72 71 70 72 71 71 72 72 72 72 72 72 72 71 71 71 73 72 72 74 73 72 72 73 73 73 72 72 79 73 72 73 75 72 73 73 72 72 72 74 74 73 73 73 74 9821 428 535 189 244 205 236 215 881 872 17142 ];
step{12} = [107 126 126 219 224 140 234 142 454 128 305 133 140 216 134 252 311 235 240 124 98 119 435 353 131 222 119 211 274 301 241 214 101 125 96 98 103 103 243 238 194 160 76 140 123 61 147 95 78 59 118 53 66 56 115 129 110 65 62 81 118 118 113 115 109 108 59 93 93 105 111 82 57 82 107 95 87 85 87 86 89 111 117 114 104 69 177 147 125 175 178 169 192 262 151 274 139 158 124 130 106 138 40 52 55 40 58 177 95 82 68 82 186 83 174 125 1027 247 612 157 240 161 255 249 254 483 244 244 251 238 161 149 316 203 612 345 632 152 50 126 138 133 229 142 1689 1041 1078 245 9160 ];
step{13} = [149 125 415 224 258 139 363 460 450 225 259 111 289 120 380 224 245 190 213 563 222 227 85 317 466 154 158 118 128 126 263 164 152 67 196 325 93 152 109 279 215 147 222 153 138 120 88 135 126 170 47 250 127 110 141 110 106 128 77 241 124 61 132 124 117 77 120 132 107 175 234 101 176 138 240 152 111 121 116 311 136 105 142 72 141 213 56 120 61 150 85 254 142 80 108 49 46 43 102 43 48 45 48 44 43 49 48 53 100 54 226 85 248 253 182 595 296 361 260 102 193 248 177 936 182 499 662 1684 635 6396 2938 514 257 611 1366 1062 130 261 258 636 213 96 51 92 825 306 760 333 11293 ];
step{14} = [110 124 123 218 240 126 223 137 580 253 699 295 593 237 168 230 178 123 141 141 223 147 154 219 227 201 121 190 125 224 78 131 127 283 275 124 123 141 587 227 260 153 121 150 227 256 264 121 263 272 255 244 191 128 119 72 143 113 279 145 170 77 49 141 116 204 185 231 264 231 156 129 205 135 180 87 211 218 176 128 81 55 55 77 140 107 54 170 77 186 121 89 1248 778 357 181 403 894 2831 1356 1427 8846 ];
step{15} = [148 133 141 271 293 908 241 377 509 250 249 287 238 452 124 220 248 130 275 141 284 114 129 128 143 254 105 135 124 259 106 94 112 113 81 75 110 133 135 119 81 48 101 75 121 74 74 112 158 118 83 74 72 126 107 115 138 61 137 51 105 101 140 118 94 78 50 171 113 73 58 109 84 49 151 137 101 83 146 58 127 97 50 83 115 231 101 194 55 152 144 97 155 50 101 209 116 157 158 220 297 302 340 459 271 274 197 217 207 198 429 316 137 213 149 371 120 203 132 218 212 70 445 128 313 279 214 277 220 216 983 2882 1392 1484 6945 610 291 283 747 985 603 7675 ];
