goalReached = [1 1 1 1 1 1 1 1 1 1 1 1 1 1 1 1 1 0 ];
episodeCount = [103 119 73 139 164 190 231 56 117 94 183 149 149 102 142 122 115 215 ];
totalTime = [2221.11 2473.59 2287.39 4996.08 2508.74 3950.14 4874.58 2013.56 3676.18 3259.38 6887.66 3531.77 5185.63 3523.22 4791.97 7866.93 3168.88 5828.92 ];
subtimes{1} = [10.0 7.0 34.0 17.0 15.0 8.0 16.0 9.0 8.0 21.0 26.0 11.0 16.0 15.0 27.0 10.0 18.0 14.0 10.0 12.0 15.0 15.0 8.0 14.0 11.0 7.0 13.0 10.0 7.0 10.0 20.0 8.0 23.0 9.0 9.0 8.0 9.0 9.0 4.0 6.0 4.0 4.0 7.0 4.0 7.0 10.0 4.0 5.0 6.0 5.0 8.0 7.0 3.0 7.0 6.0 6.0 9.0 6.0 4.0 4.0 7.0 4.0 11.0 12.0 5.0 8.0 8.0 6.0 11.0 8.0 6.0 9.0 12.0 5.0 7.0 8.0 6.0 4.0 7.0 6.0 6.0 7.0 12.0 10.0 18.0 5.0 9.0 10.0 7.0 9.0 12.0 13.0 13.0 20.0 21.0 10.0 58.0 55.0 197.0 8.0 36.0 103.0 798.0 ];
subtimes{2} = [8.0 9.0 8.0 14.0 7.0 7.0 12.0 6.0 18.0 18.0 8.0 7.0 16.0 14.0 14.0 16.0 18.0 34.0 17.0 10.0 15.0 14.0 7.0 6.0 15.0 9.0 14.0 11.0 13.0 17.0 10.0 4.0 12.0 12.0 8.0 15.0 11.0 8.0 9.0 10.0 8.0 6.0 9.0 8.0 3.0 7.0 8.0 12.0 12.0 3.0 6.0 12.0 9.0 3.0 5.0 7.0 5.0 5.0 10.0 9.0 10.0 8.0 8.0 5.0 3.0 3.0 7.0 4.0 5.0 9.0 3.0 8.0 9.0 7.0 4.0 9.0 7.0 12.0 11.0 3.0 11.0 16.0 12.0 14.0 9.0 10.0 10.0 11.0 8.0 10.0 11.0 16.0 18.0 22.0 7.0 19.0 19.0 15.0 17.0 20.0 25.0 24.0 63.0 20.0 22.0 23.0 7.0 17.0 22.0 9.0 12.0 13.0 57.0 29.0 24.0 70.0 21.0 335.0 638.0 ];
subtimes{3} = [9.0 11.0 13.0 15.0 13.0 8.0 15.0 13.0 13.0 39.0 14.0 11.0 16.0 14.0 14.0 12.0 18.0 17.0 10.0 7.0 9.0 38.0 17.0 9.0 12.0 6.0 21.0 22.0 16.0 22.0 18.0 7.0 8.0 17.0 11.0 4.0 13.0 2.0 11.0 8.0 7.0 5.0 8.0 7.0 5.0 10.0 3.0 3.0 5.0 8.0 6.0 11.0 14.0 7.0 19.0 25.0 28.0 33.0 31.0 14.0 17.0 14.0 15.0 29.0 9.0 39.0 42.0 19.0 61.0 85.0 198.0 410.0 546.0 ];
subtimes{4} = [19.0 5.0 17.0 19.0 9.0 25.0 35.0 18.0 33.0 19.0 9.0 68.0 13.0 29.0 17.0 20.0 24.0 21.0 11.0 15.0 11.0 13.0 15.0 11.0 13.0 16.0 15.0 12.0 17.0 24.0 18.0 10.0 20.0 26.0 21.0 6.0 10.0 15.0 15.0 10.0 9.0 20.0 12.0 10.0 24.0 18.0 13.0 9.0 12.0 9.0 14.0 12.0 15.0 8.0 17.0 10.0 5.0 12.0 7.0 5.0 21.0 5.0 5.0 10.0 11.0 3.0 7.0 3.0 4.0 7.0 8.0 5.0 7.0 9.0 8.0 13.0 4.0 5.0 11.0 6.0 9.0 13.0 6.0 5.0 10.0 4.0 13.0 16.0 14.0 15.0 91.0 36.0 36.0 51.0 36.0 167.0 25.0 13.0 74.0 27.0 37.0 29.0 16.0 77.0 17.0 80.0 24.0 114.0 7.0 41.0 40.0 26.0 50.0 13.0 22.0 50.0 79.0 39.0 22.0 41.0 80.0 173.0 78.0 41.0 24.0 43.0 241.0 184.0 24.0 63.0 51.0 20.0 97.0 369.0 65.0 105.0 100.0 82.0 553.0 ];
subtimes{5} = [12.0 9.0 8.0 19.0 16.0 9.0 10.0 32.0 11.0 17.0 15.0 10.0 41.0 10.0 10.0 17.0 15.0 9.0 21.0 13.0 15.0 11.0 9.0 13.0 18.0 8.0 9.0 9.0 17.0 9.0 12.0 9.0 15.0 18.0 5.0 12.0 13.0 16.0 11.0 13.0 10.0 8.0 19.0 9.0 10.0 10.0 7.0 15.0 10.0 7.0 20.0 6.0 13.0 7.0 9.0 10.0 8.0 14.0 7.0 4.0 12.0 8.0 11.0 10.0 4.0 11.0 10.0 8.0 4.0 12.0 8.0 5.0 6.0 5.0 17.0 6.0 7.0 7.0 8.0 6.0 5.0 10.0 8.0 6.0 11.0 4.0 5.0 6.0 4.0 9.0 13.0 4.0 4.0 8.0 4.0 5.0 10.0 7.0 10.0 13.0 10.0 8.0 10.0 9.0 10.0 6.0 8.0 4.0 6.0 4.0 3.0 6.0 7.0 4.0 6.0 5.0 3.0 10.0 7.0 4.0 11.0 4.0 4.0 12.0 5.0 5.0 8.0 8.0 5.0 10.0 7.0 7.0 10.0 5.0 7.0 16.0 12.0 5.0 8.0 7.0 10.0 9.0 13.0 19.0 10.0 6.0 8.0 14.0 8.0 4.0 12.0 6.0 26.0 58.0 16.0 11.0 10.0 35.0 15.0 55.0 30.0 13.0 49.0 722.0 ];
subtimes{6} = [24.0 18.0 41.0 18.0 18.0 10.0 17.0 13.0 19.0 24.0 24.0 34.0 12.0 42.0 17.0 34.0 18.0 8.0 18.0 15.0 23.0 20.0 18.0 7.0 17.0 5.0 7.0 12.0 15.0 14.0 12.0 11.0 13.0 13.0 16.0 17.0 20.0 9.0 16.0 10.0 17.0 15.0 14.0 9.0 15.0 12.0 11.0 8.0 13.0 12.0 4.0 14.0 8.0 6.0 19.0 8.0 14.0 12.0 9.0 15.0 11.0 12.0 5.0 8.0 8.0 9.0 11.0 7.0 9.0 7.0 6.0 9.0 13.0 4.0 4.0 8.0 4.0 13.0 15.0 9.0 11.0 6.0 11.0 11.0 12.0 5.0 4.0 10.0 4.0 5.0 9.0 5.0 6.0 8.0 9.0 10.0 12.0 18.0 10.0 48.0 22.0 6.0 21.0 19.0 18.0 44.0 10.0 51.0 49.0 13.0 40.0 23.0 39.0 5.0 11.0 14.0 62.0 35.0 22.0 16.0 14.0 8.0 13.0 12.0 9.0 10.0 13.0 10.0 12.0 11.0 12.0 6.0 7.0 11.0 5.0 14.0 18.0 13.0 10.0 6.0 11.0 13.0 11.0 13.0 10.0 8.0 8.0 8.0 13.0 7.0 10.0 18.0 10.0 19.0 19.0 11.0 10.0 5.0 7.0 8.0 5.0 5.0 10.0 32.0 5.0 14.0 9.0 14.0 23.0 5.0 6.0 17.0 5.0 6.0 9.0 7.0 22.0 23.0 8.0 16.0 14.0 24.0 7.0 8.0 15.0 6.0 16.0 50.0 607.0 688.0 ];
subtimes{7} = [16.0 9.0 10.0 18.0 17.0 10.0 9.0 11.0 10.0 12.0 6.0 7.0 9.0 16.0 8.0 12.0 9.0 7.0 12.0 9.0 12.0 10.0 10.0 6.0 14.0 8.0 19.0 13.0 12.0 12.0 35.0 19.0 17.0 19.0 21.0 20.0 39.0 17.0 33.0 21.0 24.0 19.0 22.0 14.0 13.0 19.0 8.0 18.0 23.0 14.0 7.0 19.0 43.0 10.0 47.0 6.0 11.0 7.0 8.0 9.0 9.0 6.0 6.0 10.0 5.0 10.0 7.0 8.0 5.0 6.0 13.0 11.0 8.0 4.0 6.0 7.0 14.0 4.0 12.0 9.0 6.0 10.0 9.0 5.0 19.0 13.0 14.0 16.0 9.0 11.0 10.0 8.0 12.0 11.0 12.0 6.0 8.0 7.0 11.0 17.0 7.0 11.0 14.0 9.0 11.0 7.0 6.0 10.0 10.0 8.0 7.0 7.0 10.0 11.0 10.0 8.0 9.0 14.0 11.0 8.0 8.0 13.0 5.0 10.0 10.0 7.0 12.0 8.0 7.0 15.0 5.0 12.0 6.0 6.0 11.0 14.0 9.0 6.0 11.0 8.0 5.0 11.0 11.0 9.0 12.0 9.0 7.0 11.0 11.0 5.0 13.0 10.0 5.0 12.0 5.0 12.0 48.0 10.0 73.0 10.0 22.0 8.0 11.0 17.0 88.0 24.0 9.0 18.0 20.0 20.0 9.0 11.0 10.0 10.0 12.0 14.0 23.0 20.0 21.0 30.0 33.0 28.0 41.0 31.0 14.0 10.0 12.0 13.0 12.0 11.0 10.0 12.0 12.0 15.0 6.0 29.0 11.0 11.0 20.0 8.0 16.0 26.0 22.0 31.0 16.0 25.0 49.0 35.0 26.0 22.0 11.0 27.0 47.0 15.0 84.0 46.0 13.0 34.0 190.0 19.0 15.0 13.0 17.0 11.0 25.0 43.0 15.0 33.0 75.0 342.0 842.0 ];
subtimes{8} = [26.0 9.0 18.0 19.0 9.0 36.0 9.0 41.0 19.0 21.0 23.0 18.0 49.0 21.0 11.0 24.0 18.0 10.0 79.0 48.0 17.0 24.0 21.0 20.0 54.0 63.0 78.0 43.0 14.0 80.0 13.0 47.0 57.0 34.0 10.0 3.0 5.0 4.0 3.0 6.0 3.0 5.0 10.0 3.0 3.0 13.0 3.0 10.0 12.0 4.0 13.0 14.0 13.0 82.0 23.0 694.0 ];
subtimes{9} = [21.0 11.0 20.0 15.0 10.0 9.0 22.0 20.0 40.0 22.0 25.0 10.0 20.0 4.0 14.0 13.0 5.0 42.0 20.0 17.0 22.0 21.0 22.0 30.0 41.0 49.0 24.0 11.0 7.0 18.0 19.0 10.0 11.0 24.0 9.0 8.0 21.0 17.0 8.0 13.0 8.0 5.0 6.0 12.0 11.0 14.0 12.0 9.0 11.0 7.0 12.0 10.0 8.0 5.0 14.0 8.0 5.0 7.0 3.0 7.0 7.0 4.0 9.0 6.0 11.0 13.0 9.0 5.0 7.0 8.0 8.0 7.0 6.0 9.0 5.0 9.0 4.0 3.0 6.0 13.0 5.0 6.0 6.0 9.0 6.0 7.0 5.0 23.0 12.0 21.0 6.0 15.0 11.0 17.0 7.0 20.0 27.0 5.0 16.0 19.0 16.0 78.0 48.0 49.0 21.0 40.0 13.0 13.0 17.0 53.0 16.0 19.0 483.0 270.0 297.0 186.0 747.0 ];
subtimes{10} = [22.0 11.0 18.0 33.0 13.0 47.0 38.0 18.0 18.0 24.0 10.0 18.0 21.0 19.0 37.0 10.0 11.0 20.0 47.0 41.0 10.0 20.0 23.0 18.0 17.0 33.0 31.0 12.0 11.0 20.0 39.0 9.0 18.0 12.0 19.0 11.0 22.0 13.0 19.0 25.0 18.0 13.0 15.0 46.0 18.0 26.0 15.0 25.0 14.0 13.0 9.0 15.0 9.0 21.0 14.0 14.0 27.0 23.0 31.0 19.0 12.0 19.0 11.0 25.0 13.0 8.0 15.0 19.0 20.0 24.0 10.0 43.0 24.0 97.0 157.0 109.0 48.0 20.0 20.0 48.0 22.0 22.0 19.0 102.0 54.0 48.0 10.0 55.0 15.0 19.0 8.0 10.0 78.0 812.0 ];
subtimes{11} = [20.0 12.0 10.0 21.0 19.0 12.0 27.0 51.0 20.0 30.0 19.0 11.0 24.0 11.0 36.0 14.0 12.0 10.0 11.0 11.0 13.0 21.0 10.0 12.0 11.0 10.0 8.0 12.0 19.0 18.0 16.0 10.0 11.0 23.0 8.0 11.0 14.0 10.0 10.0 11.0 11.0 8.0 23.0 12.0 46.0 12.0 26.0 23.0 11.0 16.0 9.0 13.0 14.0 40.0 25.0 25.0 23.0 13.0 23.0 24.0 10.0 19.0 18.0 28.0 10.0 15.0 22.0 26.0 20.0 66.0 23.0 18.0 28.0 22.0 26.0 22.0 25.0 27.0 25.0 17.0 36.0 22.0 10.0 25.0 12.0 54.0 146.0 89.0 31.0 25.0 44.0 32.0 48.0 57.0 54.0 62.0 113.0 74.0 41.0 94.0 93.0 138.0 19.0 52.0 28.0 31.0 36.0 68.0 37.0 526.0 8.0 8.0 6.0 8.0 9.0 7.0 6.0 8.0 8.0 6.0 8.0 8.0 6.0 8.0 7.0 6.0 9.0 6.0 6.0 9.0 6.0 6.0 10.0 6.0 6.0 9.0 6.0 9.0 8.0 6.0 7.0 8.0 6.0 8.0 8.0 7.0 6.0 8.0 8.0 6.0 9.0 7.0 6.0 8.0 7.0 7.0 11.0 6.0 6.0 11.0 6.0 7.0 8.0 6.0 7.0 8.0 6.0 7.0 8.0 7.0 6.0 8.0 875.0 40.0 48.0 17.0 22.0 21.0 21.0 19.0 81.0 80.0 1604.0 ];
