goalReached = [1 1 1 1 1 1 1 1 1 0 1 1 1 1 0 ];
episodeCount = [214 332 1078 575 455 31 145 256 144 2000 60 107 204 53 121 ];
totalTime = [4187.09 5721.44 58598.02 24373.58 27959.02 2858.44 7839.61 7854.46 7834.94 63613.88 6066.02 7464.7 10462.95 4022.2 91647.18 ];
subtimes{1} = [17.0 8.0 11.0 18.0 8.0 8.0 9.0 6.0 10.0 11.0 5.0 6.0 8.0 9.0 9.0 9.0 12.0 5.0 16.0 8.0 4.0 9.0 7.0 4.0 6.0 3.0 5.0 9.0 8.0 8.0 9.0 4.0 7.0 6.0 9.0 7.0 10.0 6.0 7.0 11.0 4.0 9.0 10.0 7.0 8.0 6.0 8.0 5.0 10.0 15.0 8.0 6.0 8.0 8.0 9.0 9.0 8.0 16.0 8.0 14.0 10.0 8.0 10.0 12.0 6.0 9.0 17.0 6.0 6.0 10.0 7.0 7.0 9.0 8.0 5.0 10.0 8.0 8.0 11.0 9.0 8.0 12.0 5.0 7.0 11.0 6.0 9.0 11.0 11.0 18.0 11.0 7.0 9.0 10.0 8.0 8.0 10.0 8.0 8.0 9.0 9.0 11.0 11.0 8.0 10.0 9.0 8.0 8.0 17.0 9.0 8.0 8.0 7.0 10.0 11.0 18.0 15.0 9.0 9.0 5.0 10.0 10.0 6.0 11.0 9.0 6.0 11.0 10.0 4.0 11.0 9.0 4.0 12.0 16.0 10.0 11.0 16.0 10.0 20.0 12.0 17.0 10.0 11.0 16.0 21.0 11.0 10.0 12.0 4.0 13.0 11.0 9.0 7.0 13.0 5.0 4.0 15.0 16.0 19.0 10.0 9.0 8.0 10.0 11.0 9.0 10.0 6.0 5.0 12.0 13.0 6.0 15.0 9.0 7.0 6.0 9.0 20.0 14.0 9.0 16.0 12.0 8.0 8.0 10.0 15.0 9.0 8.0 10.0 12.0 10.0 8.0 20.0 419.0 207.0 25.0 10.0 22.0 26.0 10.0 15.0 24.0 24.0 15.0 18.0 30.0 42.0 31.0 139.0 147.0 220.0 47.0 63.0 7.0 804.0 ];
subtimes{2} = [66.0 17.0 16.0 18.0 27.0 19.0 19.0 18.0 15.0 21.0 16.0 11.0 18.0 14.0 16.0 19.0 15.0 23.0 18.0 40.0 33.0 11.0 19.0 15.0 15.0 25.0 8.0 22.0 10.0 9.0 18.0 19.0 8.0 13.0 19.0 12.0 10.0 16.0 8.0 18.0 14.0 21.0 21.0 5.0 2.0 8.0 8.0 5.0 14.0 7.0 9.0 14.0 8.0 5.0 8.0 6.0 6.0 6.0 4.0 6.0 6.0 5.0 5.0 5.0 4.0 7.0 5.0 4.0 4.0 7.0 4.0 3.0 6.0 6.0 4.0 6.0 4.0 4.0 6.0 4.0 8.0 5.0 3.0 4.0 5.0 4.0 6.0 7.0 5.0 3.0 5.0 4.0 4.0 10.0 5.0 4.0 6.0 3.0 4.0 5.0 3.0 3.0 6.0 9.0 4.0 8.0 3.0 3.0 6.0 8.0 3.0 5.0 4.0 7.0 4.0 3.0 3.0 6.0 2.0 3.0 5.0 2.0 7.0 5.0 2.0 2.0 6.0 2.0 2.0 4.0 2.0 7.0 5.0 3.0 3.0 10.0 2.0 2.0 5.0 3.0 2.0 6.0 2.0 3.0 8.0 4.0 2.0 4.0 2.0 3.0 10.0 3.0 2.0 8.0 4.0 2.0 4.0 3.0 2.0 10.0 2.0 2.0 4.0 2.0 5.0 5.0 2.0 3.0 9.0 2.0 3.0 5.0 3.0 2.0 6.0 3.0 6.0 7.0 2.0 3.0 5.0 2.0 5.0 5.0 3.0 3.0 5.0 12.0 24.0 11.0 20.0 7.0 7.0 9.0 20.0 9.0 8.0 6.0 14.0 18.0 16.0 37.0 7.0 23.0 28.0 9.0 22.0 42.0 35.0 8.0 24.0 11.0 53.0 23.0 10.0 32.0 23.0 30.0 19.0 34.0 39.0 16.0 40.0 49.0 15.0 33.0 10.0 16.0 16.0 15.0 15.0 14.0 16.0 11.0 18.0 23.0 9.0 17.0 21.0 16.0 22.0 16.0 29.0 38.0 23.0 26.0 12.0 12.0 51.0 38.0 7.0 25.0 39.0 22.0 24.0 73.0 26.0 37.0 36.0 20.0 16.0 15.0 13.0 7.0 14.0 15.0 14.0 15.0 10.0 14.0 12.0 11.0 24.0 13.0 13.0 12.0 14.0 36.0 13.0 18.0 185.0 59.0 26.0 26.0 25.0 20.0 62.0 23.0 17.0 40.0 14.0 66.0 59.0 25.0 32.0 15.0 15.0 70.0 34.0 31.0 38.0 14.0 10.0 17.0 11.0 21.0 21.0 29.0 32.0 20.0 15.0 33.0 28.0 24.0 12.0 23.0 15.0 22.0 27.0 12.0 23.0 26.0 27.0 12.0 23.0 69.0 12.0 26.0 20.0 11.0 16.0 775.0 ];
subtimes{3} = [13.0 10.0 16.0 18.0 17.0 19.0 11.0 9.0 17.0 19.0 16.0 15.0 13.0 16.0 17.0 12.0 26.0 9.0 24.0 10.0 7.0 12.0 6.0 17.0 22.0 18.0 17.0 15.0 10.0 13.0 20.0 9.0 10.0 9.0 14.0 12.0 18.0 8.0 9.0 11.0 12.0 8.0 10.0 6.0 7.0 11.0 7.0 12.0 11.0 7.0 8.0 9.0 8.0 7.0 11.0 4.0 5.0 10.0 5.0 6.0 6.0 10.0 8.0 12.0 7.0 4.0 8.0 7.0 9.0 10.0 5.0 9.0 22.0 9.0 9.0 14.0 12.0 12.0 15.0 9.0 9.0 18.0 10.0 10.0 13.0 18.0 9.0 14.0 13.0 16.0 9.0 12.0 14.0 12.0 9.0 9.0 14.0 11.0 15.0 13.0 11.0 14.0 12.0 10.0 10.0 11.0 11.0 12.0 20.0 11.0 10.0 20.0 26.0 55.0 41.0 11.0 14.0 11.0 62.0 4.0 127.0 201.0 87.0 30.0 23.0 25.0 22.0 19.0 16.0 23.0 21.0 17.0 17.0 15.0 17.0 22.0 19.0 17.0 58.0 62.0 8.0 9.0 1897.0 563.0 122.0 26.0 29.0 16.0 21.0 18.0 25.0 24.0 18.0 15.0 9.0 11.0 11.0 11.0 9.0 14.0 11.0 9.0 13.0 11.0 10.0 12.0 9.0 10.0 11.0 12.0 12.0 12.0 12.0 13.0 13.0 13.0 12.0 12.0 12.0 11.0 12.0 12.0 11.0 12.0 12.0 13.0 13.0 17.0 13.0 14.0 10.0 13.0 15.0 13.0 13.0 13.0 13.0 19.0 15.0 12.0 14.0 15.0 13.0 12.0 16.0 13.0 14.0 14.0 12.0 12.0 13.0 10.0 11.0 15.0 10.0 13.0 14.0 9.0 42.0 12.0 11.0 13.0 13.0 11.0 12.0 14.0 13.0 13.0 16.0 11.0 11.0 16.0 15.0 13.0 16.0 17.0 13.0 15.0 12.0 13.0 18.0 15.0 13.0 14.0 14.0 16.0 16.0 14.0 13.0 14.0 15.0 14.0 17.0 16.0 11.0 17.0 14.0 16.0 28.0 19.0 37.0 45.0 41.0 41.0 23.0 21.0 23.0 48.0 19.0 19.0 31.0 22.0 32.0 87.0 69.0 15.0 19.0 17.0 37.0 16.0 17.0 11.0 15.0 16.0 13.0 14.0 17.0 13.0 18.0 11.0 10.0 14.0 10.0 11.0 13.0 11.0 12.0 17.0 12.0 18.0 12.0 20.0 68.0 13.0 9.0 11.0 11.0 11.0 11.0 13.0 14.0 12.0 13.0 11.0 22.0 20.0 11.0 17.0 32.0 30.0 12.0 14.0 24.0 21.0 26.0 10.0 14.0 43.0 14.0 14.0 16.0 24.0 24.0 13.0 24.0 11.0 30.0 32.0 16.0 17.0 9.0 10.0 23.0 20.0 9.0 13.0 21.0 12.0 16.0 25.0 19.0 41.0 43.0 44.0 37.0 36.0 6.0 29.0 25.0 55.0 36.0 16.0 15.0 20.0 37.0 48.0 30.0 35.0 56.0 88.0 199.0 61.0 20.0 21.0 19.0 18.0 16.0 19.0 68.0 167.0 196.0 8.0 19.0 4.0 7.0 6.0 6.0 8.0 6.0 5.0 8.0 4.0 7.0 7.0 4.0 13.0 8.0 7.0 4.0 12.0 5.0 4.0 7.0 4.0 5.0 6.0 5.0 15.0 5.0 4.0 3.0 6.0 4.0 3.0 6.0 3.0 2.0 6.0 3.0 4.0 6.0 4.0 5.0 6.0 5.0 4.0 11.0 7.0 4.0 8.0 7.0 18.0 9.0 12.0 13.0 6.0 6.0 6.0 8.0 6.0 14.0 10.0 3.0 8.0 7.0 10.0 6.0 21.0 4.0 4.0 86.0 7.0 6.0 10.0 40.0 10.0 34.0 84.0 9.0 56.0 29.0 9.0 16.0 42.0 11.0 16.0 10.0 12.0 22.0 13.0 16.0 14.0 88.0 17.0 20.0 16.0 15.0 15.0 76.0 16.0 21.0 16.0 16.0 27.0 21.0 18.0 19.0 19.0 17.0 25.0 16.0 13.0 20.0 15.0 22.0 48.0 13.0 15.0 18.0 51.0 17.0 24.0 21.0 25.0 18.0 29.0 27.0 38.0 15.0 10.0 20.0 37.0 95.0 95.0 13.0 12.0 15.0 56.0 13.0 16.0 11.0 33.0 18.0 12.0 14.0 20.0 14.0 14.0 18.0 19.0 21.0 423.0 315.0 24.0 119.0 31.0 140.0 25.0 32.0 62.0 140.0 14.0 19.0 25.0 8.0 9.0 12.0 44.0 18.0 23.0 59.0 6.0 46.0 10.0 39.0 12.0 84.0 63.0 50.0 30.0 7.0 14.0 5.0 19.0 12.0 15.0 64.0 13.0 43.0 136.0 19.0 205.0 113.0 84.0 32.0 26.0 221.0 86.0 152.0 34.0 174.0 38.0 158.0 53.0 382.0 17.0 17.0 18.0 16.0 15.0 18.0 78.0 60.0 19.0 86.0 88.0 23.0 24.0 24.0 18.0 248.0 140.0 1212.0 161.0 80.0 240.0 277.0 62.0 134.0 307.0 48.0 81.0 90.0 400.0 193.0 19.0 11.0 66.0 33.0 25.0 76.0 39.0 196.0 235.0 183.0 69.0 51.0 26.0 18.0 16.0 28.0 28.0 29.0 26.0 33.0 32.0 31.0 16.0 15.0 44.0 29.0 129.0 69.0 36.0 6.0 10.0 19.0 12.0 22.0 23.0 5.0 23.0 47.0 17.0 111.0 85.0 56.0 178.0 140.0 78.0 20.0 88.0 67.0 116.0 15.0 137.0 1319.0 402.0 64.0 7.0 5.0 23.0 44.0 9.0 5.0 24.0 26.0 12.0 9.0 26.0 97.0 29.0 212.0 18.0 22.0 68.0 26.0 122.0 432.0 194.0 236.0 277.0 310.0 25.0 39.0 10.0 19.0 19.0 20.0 14.0 17.0 14.0 19.0 20.0 21.0 17.0 26.0 24.0 27.0 14.0 19.0 17.0 22.0 36.0 19.0 17.0 108.0 17.0 31.0 28.0 413.0 275.0 16.0 323.0 23.0 50.0 19.0 16.0 18.0 20.0 109.0 148.0 114.0 28.0 83.0 54.0 149.0 152.0 227.0 21.0 54.0 15.0 59.0 170.0 116.0 39.0 48.0 279.0 34.0 25.0 64.0 45.0 112.0 29.0 30.0 27.0 27.0 30.0 16.0 21.0 18.0 15.0 23.0 16.0 20.0 22.0 24.0 23.0 24.0 14.0 14.0 21.0 14.0 58.0 42.0 560.0 106.0 27.0 26.0 21.0 849.0 194.0 16.0 199.0 13.0 10.0 159.0 211.0 280.0 34.0 16.0 227.0 118.0 499.0 13.0 18.0 15.0 73.0 67.0 16.0 937.0 18.0 11.0 12.0 18.0 14.0 10.0 230.0 7.0 12.0 39.0 55.0 13.0 11.0 7.0 27.0 41.0 11.0 7.0 12.0 21.0 99.0 16.0 54.0 73.0 82.0 9.0 27.0 11.0 8.0 9.0 10.0 12.0 20.0 120.0 11.0 160.0 53.0 35.0 35.0 64.0 30.0 24.0 5.0 34.0 12.0 96.0 176.0 34.0 38.0 12.0 3.0 50.0 46.0 106.0 15.0 41.0 3.0 5.0 3.0 4.0 5.0 29.0 3.0 284.0 12.0 104.0 30.0 16.0 14.0 18.0 16.0 13.0 17.0 14.0 15.0 37.0 31.0 21.0 17.0 14.0 15.0 34.0 15.0 32.0 15.0 16.0 14.0 18.0 15.0 34.0 13.0 11.0 57.0 14.0 14.0 13.0 15.0 12.0 14.0 17.0 20.0 22.0 17.0 23.0 17.0 18.0 38.0 12.0 27.0 11.0 20.0 21.0 9.0 30.0 76.0 42.0 42.0 125.0 48.0 131.0 16.0 22.0 35.0 21.0 9.0 67.0 47.0 11.0 246.0 752.0 13.0 171.0 323.0 37.0 45.0 97.0 144.0 133.0 126.0 43.0 190.0 154.0 57.0 60.0 31.0 32.0 48.0 63.0 105.0 49.0 196.0 56.0 50.0 235.0 159.0 160.0 540.0 326.0 488.0 34.0 278.0 111.0 62.0 269.0 156.0 208.0 70.0 91.0 175.0 318.0 6.0 47.0 191.0 383.0 23.0 805.0 58.0 46.0 52.0 97.0 335.0 13.0 110.0 68.0 163.0 104.0 16.0 10.0 15.0 254.0 82.0 10.0 86.0 12.0 24.0 195.0 10.0 13.0 18.0 12.0 13.0 71.0 23.0 13.0 16.0 15.0 8.0 17.0 75.0 109.0 106.0 12.0 14.0 13.0 14.0 23.0 79.0 13.0 167.0 21.0 53.0 58.0 20.0 127.0 28.0 48.0 26.0 42.0 61.0 14.0 12.0 26.0 21.0 34.0 13.0 167.0 25.0 9.0 9.0 69.0 55.0 116.0 27.0 29.0 