step{1} = [154 124 145 242 127 126 105 95 159 141 79 93 89 137 119 106 184 56 214 124 52 96 100 55 58 50 53 106 114 95 105 59 108 54 138 110 122 91 97 122 56 118 113 97 122 52 123 50 110 220 108 55 124 96 104 138 106 204 125 212 114 126 132 144 94 137 221 99 101 114 100 101 97 119 53 124 128 116 123 134 106 146 70 94 128 79 115 126 160 249 127 107 119 116 121 95 110 113 89 102 129 136 132 121 123 97 107 94 214 112 119 78 93 140 119 246 211 100 94 76 107 122 85 120 112 84 123 116 56 120 95 55 147 216 124 123 215 140 232 149 222 114 126 226 256 136 138 124 51 141 123 117 81 137 74 60 181 222 247 107 112 105 89 154 104 113 64 68 111 180 64 190 124 88 53 121 240 158 118 224 117 105 97 107 188 115 77 126 132 120 97 263 5476 2643 327 76 290 318 105 193 301 277 194 222 367 563 398 1782 1891 2779 559 803 87 10167 ];
step{2} = [912 251 219 222 379 257 250 250 224 255 223 129 215 196 221 249 228 320 229 563 470 122 276 220 172 368 96 267 111 124 218 239 112 128 269 150 96 217 106 224 179 274 260 68 35 70 127 61 167 102 107 163 118 63 84 94 83 56 57 54 56 69 55 45 55 81 43 53 45 57 59 39 55 54 55 51 54 47 55 60 71 36 45 52 31 57 66 67 55 46 39 52 47 117 56 59 50 42 36 35 42 37 54 113 51 52 49 44 52 88 37 32 51 89 33 35 33 44 34 48 51 32 88 33 29 33 33 33 29 32 33 87 33 36 34 87 32 33 32 36 30 31 27 33 87 28 33 31 32 34 86 34 30 87 35 29 31 39 29 89 31 29 29 34 38 40 32 39 85 32 43 34 42 27 33 36 90 59 29 46 34 34 41 37 39 37 36 165 335 125 286 93 54 133 267 96 102 91 152 232 221 459 106 309 345 135 277 556 447 114 294 148 736 268 152 416 274 408 257 403 515 200 511 666 209 434 138 214 189 206 205 148 199 130 217 313 108 195 274 215 261 223 386 461 270 370 112 148 664 456 102 319 502 280 322 949 344 502 436 268 219 165 171 100 152 203 172 166 125 180 142 146 306 145 157 159 159 492 166 205 2416 785 287 335 346 219 798 310 196 517 168 836 733 324 385 196 188 875 411 401 457 183 134 197 138 261 230 361 407 228 196 403 340 301 140 264 200 283 306 166 294 309 340 145 275 868 158 319 250 154 175 9861 ];
step{3} = [149 134 225 224 216 224 125 124 243 216 221 208 150 225 224 113 346 125 287 121 78 123 87 217 269 217 217 158 139 176 250 119 117 101 177 142 213 115 112 101 170 93 116 73 103 103 101 151 106 102 105 103 84 103 118 53 52 104 71 70 53 117 111 100 102 50 75 105 100 105 55 132 236 135 120 152 163 141 154 117 128 211 108 134 150 228 121 146 169 207 98 155 186 119 123 104 150 150 199 135 135 184 137 130 117 118 135 154 233 134 137 225 312 699 512 132 167 113 756 56 1580 2525 1071 349 293 311 244 250 188 258 243 217 182 188 212 234 246 215 674 778 102 59 23532 6868 1399 303 314 147 237 208 271 266 211 134 113 117 110 111 115 127 113 120 122 120 123 108 109 107 108 124 119 128 128 141 139 134 136 124 123 133 127 137 123 124 136 142 138 194 136 128 134 140 139 134 161 126 138 218 152 148 152 149 144 148 166 152 150 140 150 131 117 129 133 130 121 135 139 114 472 120 128 143 134 128 137 142 145 152 148 140 128 146 175 157 154 185 149 138 144 147 183 158 151 154 165 170 156 165 148 153 170 148 166 171 142 168 165 173 293 224 420 509 474 478 236 229 277 525 205 220 312 255 381 985 792 173 191 183 442 147 196 139 143 172 141 140 182 147 171 127 121 120 120 114 122 143 121 163 127 210 117 222 776 110 109 100 109 109 120 130 155 134 131 112 251 201 119 191 324 353 131 112 278 237 261 112 138 439 135 154 157 255 270 119 252 110 311 327 175 162 106 99 226 219 108 109 238 132 152 282 196 430 465 494 370 370 63 297 277 598 352 159 165 181 383 535 286 364 607 928 2126 652 181 223 200 162 175 191 680 1764 2072 65 201 49 49 53 61 68 46 56 60 46 55 58 44 137 66 71 42 107 41 45 55 45 40 44 60 155 33 40 35 33 42 28 39 30 26 27 34 46 43 45 45 44 51 47 71 79 39 40 80 179 71 113 126 45 71 66 35 67 136 84 29 75 51 116 52 188 45 48 869 75 69 70 413 105 322 854 77 553 310 90 153 420 126 148 112 122 207 133 169 126 904 172 190 165 162 122 793 171 203 166 169 263 227 181 177 187 180 231 170 133 169 171 221 466 127 162 161 515 178 224 206 268 154 297 297 374 153 115 177 395 988 939 114 131 132 588 129 138 120 334 145 131 138 184 136 158 156 195 207 4356 3252 257 1171 297 1428 232 328 626 1377 131 186 231 87 88 101 437 184 216 594 64 439 100 381 106 835 640 491 299 73 112 55 191 95 165 618 114 417 1379 171 2063 1141 855 330 258 2234 874 1523 342 1770 385 1606 542 3926 152 161 168 150 150 170 764 613 197 848 888 242 207 240 186 2499 1411 12095 1577 801 2372 2670 612 1314 2963 473 779 826 3830 1862 169 100 627 295 235 727 347 1837 2223 1694 645 497 232 168 134 256 257 288 229 298 295 264 166 136 397 264 1206 634 323 60 78 177 104 173 212 53 195 438 148 1019 761 520 1634 1284 706 167 809 613 1041 133 1238 11695 3550 546 44 44 195 369 67 43 190 219 110 44 217 852 238 1866 157 177 599 230 1039 3697 1677 2057 2432 2671 190 345 92 141 161 177 103 137 129 145 172 179 131 219 211 215 117 169 121 178 313 152 145 913 130 265 241 3564 2248 127 2569 181 394 133 131 134 135 889 1276 941 223 657 407 1173 1213 1787 164 415 95 468 1336 875 303 375 2234 279 215 523 381 919 210 229 209 202 218 128 157 144 138 170 129 171 161 193 189 180 125 112 158 124 456 313 4588 867 209 197 160 6687 1230 125 1533 96 84 1196 1616 2290 237 137 1731 881 3935 114 129 127 587 489 118 7279 123 67 100 121 109 62 1752 56 96 269 410 103 61 59 206 300 80 57 64 168 741 99 392 598 655 76 217 79 65 70 69 96 177 938 73 1244 390 272 261 473 233 182 18 246 92 709 1322 241 263 87 20 355 345 816 86 306 20 20 20 21 21 222 21 2143 90 779 211 113 112 119 115 114 113 118 117 283 235 178 122 107 122 255 125 234 104 107 109 113 115 255 82 82 421 92 100 109 101 105 112 127 164 165 109 189 141 113 315 83 195 92 157 142 66 223 583 338 326 954 359 980 98 176 285 155 77 525 351 94 1876 5767 88 1289 2383 285 361 763 1124 994 920 314 1436 1198 464 464 206 235 355 459 770 347 1428 438 391 1796 1156 1153 4040 2353 3348 233 2013 770 434 2011 1214 1588 538 692 1348 2436 47 334 1451 2924 147 6145 434 336 369 730 2545 101 824 508 1245 792 108 69 118 1920 610 82 620 93 182 1448 73 107 113 96 88 525 168 90 108 106 59 108 566 821 765 93 103 86 104 164 583 93 1237 141 393 440 124 938 208 340 185 301 431 84 93 175 147 256 88 1234 185 53 67 489 378 853 201 197 286 1126 1400 1141 1743 512 1323 249 619 1013 592 83 199 2121 76 906 498 79 1096 2211 1243 1655 166 2603 409 368 2500 2403 1474 304 191 1348 7345 ];
