goalReached = [0 ];
episodeCount = [1 ];
totalTime = [3.09 ];
subtimes{1} = [];
c_OpponentsRight_carToTheRight{1} = [];
c_OpponentsRight_carCloseToTheRight{1} = [];
c_OpponentsRight_rightFree{1} = [];
c_OpponentsRight_carFarToTheRight{1} = [];
c_OpponentsRight_start{1} = [];
c_OpponentsRight_default{1} = [];
c_OpponentsBehind_start{1} = [];
c_OpponentsBehind_carCloseBehind{1} = [];
c_OpponentsBehind_carBehind{1} = [];
c_OpponentsBehind_carFarbehind{1} = [];
c_OpponentsBehind_behindFree{1} = [];
c_OpponentsBehind_default{1} = [];
c_OpponentsLeft_carCloseToTheLeft{1} = [];
c_OpponentsLeft_carToTheLeft{1} = [];
c_OpponentsLeft_start{1} = [];
c_OpponentsLeft_carFarToTheLeft{1} = [];
c_OpponentsLeft_leftFree{1} = [];
c_OpponentsLeft_default{1} = [];
c_OpponentsAhead_start{1} = [];
c_OpponentsAhead_carCloseAhead{1} = [];
c_OpponentsAhead_carAhead{1} = [];
c_OpponentsAhead_carFarAhead{1} = [];
c_OpponentsAhead_frontFree{1} = [];
c_OpponentsAhead_default{1} = [];
c_TrackPos_leftOffRoad{1} = [];
c_TrackPos_limitRoad{1} = [];
c_TrackPos_centerRoad{1} = [];
c_TrackPos_start{1} = [];
c_TrackPos_rightOffRoad{1} = [];
c_TrackPos_default{1} = [];
c_Damage_damaged{1} = [];
c_Damage_normal{1} = [];
c_Damage_start{1} = [];
c_Damage_default{1} = [];
c_Speed_Stuck{1} = [];
c_Speed_Turning{1} = [];
c_Speed_GoingStraight{1} = [];
c_Speed_start{1} = [];
c_Speed_default{1} = [];
step{1} = [];
rewardsPerEpisode{1} = [];
rewardsPerStep{1}{1} = [-1099.52 10.04 10.02 10.08 10.2 10.46 10.57 10.67 10.6 10.79 10.92 11.14 11.41 11.53 12.08 12.73 13.34 14.6 16.2 17.61 18.75 4.87 3.38 1.54 -10.92 -15.75 -20.92 -26.59 -68.68 -48.5 -58.45 -68.47 -78.48 -88.48 -98.48 -108.48 -118.48 -128.48 -138.49 -148.49 -158.49 -168.49 -178.49 -188.49 -198.49 -208.5 -218.5 -228.5 -238.5 -248.5 -258.5 -268.5 -278.5 -288.5 -298.51 -308.51 -318.51 -328.51 -338.51 -348.52 -358.52 -368.52 -378.52 -388.53 -398.53 -408.53 -418.53 -428.53 -438.54 -448.54 -458.54 -468.55 -478.55 -488.55 -498.56 -508.56 -518.56 -528.56 -538.56 -548.57 -558.57 -568.57 -578.58 -588.58 -598.58 -608.59 -618.6 -628.6 -638.6 -648.61 -658.61 -668.61 -678.62 -688.62 -698.63 -708.63 -718.63 -728.64 -738.64 -748.64 -758.64 -768.64 -778.65 -788.65 -798.65 -808.66 -818.66 -828.67 -838.67 -848.67 -858.67 -868.68 -878.68 -888.68 -898.69 -908.69 -918.69 -928.69 -938.7 -948.7 -958.71 -968.71 -978.71 -988.72 -998.72 -1008.72 -1018.72 -1028.72 -1038.73 -1048.74 -1058.74 -1068.75 -1078.75 -1088.76 -1098.76 -1108.76 -1118.77 -1128.77 -1138.78 -1148.78 -1158.79 -1168.79 -1178.79 -1188.8 -1198.8 -1208.8 -1218.8 -1228.8 -1238.81 -1248.81 -1258.82 -1268.82 -1278.81 -1288.82 -1298.82 -1308.82 -1318.82 -1328.82 -1338.83 -1348.83 -1358.83 -1368.84 -1378.84 -1388.85 -1398.85 -1408.86 -1418.86 -1428.87 -1438.87 -1448.88 -1458.89 -1468.89 -1478.9 -1488.9 -1498.91 -1508.92 -1518.93 -1528.94 -1538.94 -1548.95 -1558.95 -1568.96 -1578.96 -1588.96 -1598.96 -1608.96 -1618.96 -1628.96 -1638.97 -1648.97 -1658.98 -1668.98 -1678.98 -1688.99 -1699.0 -1709.0 ];
trackPos{1}{1} = [0.00250219 0.00224826 0.000987562 -0.00404797 -0.0101175 -0.0231166 -0.028281 -0.0335954 -0.0301058 -0.039493 -0.0458778 -0.0568738 -0.0705148 -0.0762588 -0.104027 -0.136615 -0.16702 -0.229969 -0.310191 -0.380356 -0.437263 -0.513401 -0.661881 -0.846269 -1.04597 -1.2876 -1.54621 -1.82943 -1.93423 -1.92511 -1.92269 -1.92354 -1.92376 -1.92385 -1.92392 -1.92403 -1.92408 -1.92421 -1.92433 -1.92443 -1.92451 -1.9245 -1.92465 -1.92468 -1.92474 -1.92486 -1.92483 -1.92485 -1.92497 -1.92502 -1.92506 -1.92512 -1.92516 -1.92523 -1.92529 -1.92542 -1.92558 -1.92572 -1.92574 -1.92584 -1.92589 -1.92604 -1.92616 -1.92626 -1.92633 -1.92638 -1.92651 -1.92664 -1.92683 -1.92704 -1.92719 -1.9273 -1.92736 -1.92758 -1.9278 -1.92782 -1.92807 -1.9282 -1.92824 -1.92832 -1.92848 -1.92864 -1.92877 -1.92893 -1.92919 -1.9295 -1.92986 -1.93005 -1.93012 -1.93025 -1.93041 -1.93064 -1.93091 -1.93102 -1.93133 -1.93152 -1.93159 -1.93176 -1.93186 -1.93202 -1.93215 -1.93218 -1.9324 -1.93264 -1.93262 -1.93284 -1.93289 -1.93326 -1.93342 -1.9336 -1.93364 -1.93376 -1.93396 -1.93414 -1.93434 -1.93441 -1.93457 -1.93471 -1.93494 -1.93515 -1.93537 -1.93567 -1.9357 -1.93575 -1.93597 -1.93606 -1.93618 -1.93621 -1.9364 -1.93678 -1.93712 -1.93739 -1.93756 -1.93775 -1.93792 -1.93815 -1.93844 -1.93867 -1.93891 -1.93918 -1.93933 -1.93951 -1.93967 -1.9398 -1.93985 -1.94002 -1.94006 -1.94007 -1.94026 -1.94064 -1.94095 -1.94085 -1.94074 -1.94097 -1.94108 -1.94078 -1.94091 -1.94104 -1.94129 -1.94129 -1.94137 -1.94178 -1.94209 -1.94241 -1.94259 -1.94283 -1.94323 -1.94344 -1.9437 -1.9442 -1.94443 -1.94466 -1.94491 -1.94515 -1.94553 -1.94606 -1.94647 -1.94678 -1.94717 -1.94734 -1.94761 -1.94793 -1.94796 -1.94781 -1.94781 -1.94788 -1.94825 -1.94817 -1.94843 -1.9487 -1.94877 -1.9492 -1.94919 -1.94963 -1.94991 -1.94991 ];
speedX{1}{1} = [0.080874 1.56401 3.35559 4.9905 7.01007 7.89388 8.74769 10.1844 11.2835 12.263 13.1777 14.7235 16.97 19.3946 20.9838 24.0699 25.5589 25.2395 29.2074 32.2425 35.5924 37.6245 39.9664 42.2712 42.9067 47.214 51.5326 50.9705 15.0833 8.08568 1.83404 0.447407 0.165891 0.26146 0.215131 0.0768573 0.0978571 0.202669 0.287712 0.203716 0.142464 0.0934447 0.0826054 0.245518 0.152733 0.192802 0.0655088 0.103363 0.192593 0.212043 0.0976893 0.237584 0.262508 0.193241 0.177127 0.323317 0.15297 0.223718 0.212529 0.102641 0.0105964 0.0848899 0.100375 0.103185 0.122537 0.0534395 -0.00733034 0.084701 0.114547 0.379924 0.208683 0.204847 0.350911 0.326678 0.315831 0.186197 0.281135 0.275762 0.090946 0.159007 0.270278 0.145467 0.0144844 0.0849463 0.333496 0.207463 0.358339 0.301109 0.421548 0.244149 0.153251 0.123663 0.300931 0.251758 0.33239 0.454686 0.0580721 0.116267 0.300984 0.246592 0.287014 0.0890785 0.302915 0.345073 0.286562 0.194599 0.42353 0.46878 0.268263 0.424442 0.0237102 0.242917 0.394341 0.317122 0.156904 0.160776 0.294349 0.048451 0.242509 0.288125 0.128184 0.411864 0.320533 0.135579 0.0374146 0.219714 0.255219 0.173267 0.307703 0.31044 0.616318 0.317487 0.256239 0.42218 0.138913 0.191067 0.473518 0.363697 0.230775 0.39083 0.344498 0.599755 0.325769 0.255992 0.299575 0.302459 0.320404 0.21792 0.465344 0.582218 0.408335 0.158799 0.413226 0.437225 0.251629 0.0535539 0.338518 0.331844 0.43632 0.408023 0.437156 0.64812 0.513612 0.284391 0.260824 0.28132 0.504088 0.398978 0.490796 0.544663 0.36014 0.159527 0.348509 0.48256 0.552197 0.701035 0.435073 0.523619 0.455415 0.392266 0.382099 0.818971 0.181617 0.362643 0.334315 0.507349 0.68486 0.518639 0.687958 0.435382 0.473805 0.804941 0.342491 0.660978 0.62761 0.294303 ];
damage{1}{1} = [0.0 0.0 0.0 0.0 0.0 0.0 0.0 0.0 0.0 0.0 0.0 0.0 0.0 0.0 0.0 0.0 0.0 0.0 0.0 0.0 0.0 0.0 0.0 0.0 0.0 0.0 0.0 0.0 429.0 429.0 429.0 429.0 429.0 429.0 429.0 429.0 429.0 429.0 429.0 429.0 429.0 429.0 429.0 429.0 429.0 429.0 429.0 429.0 429.0 429.0 429.0 429.0 429.0 429.0 429.0 429.0 429.0 429.0 429.0 429.0 429.0 429.0 429.0 429.0 429.0 429.0 429.0 429.0 429.0 429.0 429.0 429.0 429.0 429.0 429.0 429.0 429.0 429.0 429.0 429.0 429.0 429.0 429.0 429.0 429.0 429.0 429.0 429.0 429.0 429.0 429.0 429.0 429.0 429.0 429.0 429.0 429.0 429.0 429.0 429.0 429.0 429.0 429.0 429.0 429.0 429.0 429.0 429.0 429.0 429.0 429.0 429.0 429.0 429.0 429.0 429.0 429.0 429.0 429.0 429.0 429.0 429.0 429.0 429.0 429.0 429.0 429.0 429.0 429.0 429.0 429.0 429.0 429.0 429.0 429.0 429.0 429.0 429.0 429.0 429.0 429.0 429.0 429.0 429.0 429.0 429.0 429.0 429.0 429.0 429.0 429.0 429.0 429.0 429.0 429.0 429.0 429.0 429.0 429.0 429.0 429.0 429.0 429.0 429.0 429.0 429.0 429.0 429.0 429.0 429.0 429.0 429.0 429.0 429.0 429.0 429.0 429.0 429.0 429.0 429.0 429.0 429.0 429.0 429.0 429.0 429.0 429.0 429.0 429.0 429.0 429.0 429.0 429.0 429.0 429.0 429.0 ];
