step{1} = [229 129 219 225 125 115 257 375 220 123 120 482 298 600 294 132 131 134 137 218 215 122 143 120 127 115 113 138 125 118 119 159 134 118 123 118 180 52 101 49 170 111 56 101 162 115 124 98 55 100 103 104 100 162 99 98 103 188 113 127 90 83 75 73 75 113 83 161 112 91 102 132 86 104 138 99 106 104 160 113 184 149 105 84 116 79 155 87 106 61 83 133 158 103 110 88 92 108 67 77 107 99 64 67 109 149 150 48 67 153 104 168 196 34 152 49 128 57 111 112 122 134 57 92 133 147 55 146 135 112 53 151 129 94 26 84 99 105 102 27 26 102 99 99 95 95 90 28 82 80 129 79 29 30 93 109 79 98 83 28 80 94 84 24 79 82 23 23 21 81 79 84 21 85 56 93 80 83 83 80 120 25 27 80 87 28 28 28 86 28 83 25 26 28 27 26 24 81 104 79 27 83 29 24 26 27 83 26 96 82 224 156 27 82 25 25 83 25 25 80 79 26 24 79 25 22 84 27 27 80 28 28 134 79 139 30 82 27 26 27 24 83 127 117 127 125 110 111 115 121 100 84 69 49 127 108 129 114 170 160 141 112 168 89 138 130 161 154 82 102 115 114 124 93 110 77 79 168 130 59 64 146 62 75 119 70 131 161 70 84 75 144 146 137 68 122 177 164 144 108 120 61 112 110 161 128 118 117 114 138 177 112 86 153 116 115 101 84 138 87 81 93 142 81 111 63 81 108 79 172 140 157 207 558 1423 261 247 295 101 262 245 158 199 139 122 129 207 152 169 105 124 152 181 166 166 109 145 106 145 123 114 157 110 131 99 180 139 117 119 200 182 133 122 129 125 176 124 178 141 141 119 129 178 255 110 179 127 115 140 149 169 132 273 104 152 112 117 177 196 141 191 168 170 485 219 294 207 187 111 107 162 885 1918 373 549 209 389 228 203 122 201 203 130 270 132 254 373 96 99 95 389 613 320 1171 269 12239 693 2100 154 56 48 1920 61 148 398 532 114 218 33 294 1216 640 439 675 598 1557 989 708 42 631 48 111 88 453 104 510 52 1063 690 121 54 67 69 57 179 159 172 51 164 52 169 173 70 164 172 150 55 150 109 55 88 191 182 151 155 161 148 153 73 158 155 153 57 172 54 166 82 168 456 59 154 81 57 152 52 158 181 155 732 181 175 70 59 192 154 65 161 162 69 186 161 162 445 249 88 181 152 299 446 56 168 161 83 237 268 76 167 239 67 153 179 18092 2525 22 19 19 19 19 19 90 19 19 135 20 170 21 264 70 63 63 128 257 130 128 53 83 133 62 181 146 43 57 61 86 294 19 19 20 71 78 77 167 20 20 28 52 20 79 71 183 253 86 391 269 64 119 66 83 19 19 193 48 84 119 33 35 96 36 99 58 94 50 31 19 19 19 18 19 20 72 20 49 98 73 47 86 74 80 74 65 153 43 63 247 118 21 21 52 88 81 92 72 252 115 87 36 21 76 50 152 122 60 46 20 90 42 126 49 21 73 119 61 43 39 128 58 118 140 48 30 164 47 84 58 172 39 148 47 70 91 43 66 20 33 96 20 97 44 101 20 220 62 20 111 21 49 57 20 20 305 20 114 50 162 21 104 96 108 21 21 147 93 61 117 106 21 21 269 671 557 167 180 164 178 1552 190 532 171 183 178 1702 6555 5817 430 575 4745 9094 4099 1199 1947 1170 1351 1744 1038 654 617 936 510 189 214 196 190 180 211 233 193 181 313 241 422 1835 10803 75 76 75 75 75 76 75 76 76 75 16 16 16 16 16 16 17 16 16 16 16 16 16 16 16 16 16 16 16 16 16 16 16 17 17 16 16 17 16 16 16 17 16 17 16 16 16 16 16 16 16 16 16 16 16 16 17 16 16 16 16 17 17 17 16 16 17 17 17 18 18 19 18 18 16 17 17 17 17 16 16 16 16 16 16 16 16 16 17 16 17 17 16 17 16 17 17 17 16 17 17 17 17 17 17 17 17 16 17 17 18 18 18 17 18 18 17 17 18 17 18 17 17 17 17 17 17 17 17 17 17 17 17 17 17 17 17 17 17 18 18 18 18 18 18 18 17 18 18 77 77 78 80 79 165 125 430 84 84 84 85 84 85 84 85 86 84 84 85 85 85 85 85 86 84 84 85 87 85 87 87 90 88 87 87 84 83 85 84 82 85 85 84 83 86 86 88 84 82 84 85 130 128 83 84 83 82 82 84 82 83 82 83 83 82 83 82 84 83 84 84 83 144 112 109 256 88 87 103 88 101 239 338 265 187 345 339 93 127 173 127 401 126 413 176 155 122 100 453 246 134 340 213 480 184 971 231 215 144 198 110 119 137 148 113 184 97 193 138 108 241 228 229 484 99 487 274 313 120 189 195 140 2209 111 1259 113 115 115 113 112 113 111 113 113 111 114 113 110 112 115 114 116 116 114 113 109 110 110 102 102 115 104 103 101 104 109 102 103 120 104 101 102 2112 490 169 239 198 125 221 284 236 802 249 255 158 481 146 207 401 395 279 25377 529 914 971 8765 773 1392 859 849 868 735 626 172 920 8789 305 317 609 2551 115 1882 2058 14657 5988 911 1263 3652 28198 698 2891 2382 12229 1428 24854 ];
