goalReached = [1 ]
episodeCount = [8 ]
totalTime = [290.8 ]
subtimes{1} = [21.0 15.0 16.0 39.0 48.0 24.0 49.0 80.0 ]
step{1} = [101 61 73 174 234 110 224 389 ]
rewardsPerEpisode{1} = [-69269.15 -24766.36 -24539.15 -139159.54 -136427.45 -28845.58 -66925.14 -127989.49 ]
rewardsPerStep{1}{1} = [-847.73 -833.89 -820.34 -806.22 -792.22 -779.25 -763.23 -745.78 -728.3 -713.63 -689.27 -669.74 -644.73 -611.4 -600.39 -565.54 -540.91 -525.91 -485.4 -465.23 -423.87 -381.19 -348.51 -291.93 -230.83 -223.68 -190.76 -157.09 -114.94 -119.11 -99.04 -74.46 -63.36 -81.61 -123.23 -102.05 -675.36 -703.5 -746.22 -768.16 -830.05 -889.23 -936.47 -939.76 -934.6 -932.82 -932.04 -926.41 -923.54 -927.23 -917.25 -924.11 -916.72 -922.64 -922.31 -922.97 -921.91 -915.72 -917.59 -919.49 -919.88 -918.24 -909.84 -894.33 -901.51 -908.71 -898.01 -901.09 -910.6 -913.58 -905.52 -900.67 -898.76 -882.31 -869.82 -853.44 -845.88 -832.96 -825.45 -808.8 -792.56 -778.9 -758.25 -739.21 -714.71 -702.0 -669.65 -648.79 -632.98 -619.94 -580.12 -547.06 -526.65 -492.92 -460.7 -451.08 -428.7 -428.81 -724.32 -841.53 -1110.04 ]
rewardsPerStep{1}{2} = [-848.68 -831.63 -811.57 -797.49 -777.1 -754.01 -734.27 -714.04 -688.13 -674.26 -655.14 -641.21 -610.26 -587.4 -566.25 -539.51 -509.08 -489.09 -426.82 -387.51 -358.83 -343.18 -357.83 -367.9 -333.36 -333.69 -322.35 -305.49 -290.34 -283.14 -269.9 -269.2 -254.87 -233.68 -205.52 -191.26 -173.35 -160.95 -159.69 -157.41 -137.48 -119.51 -104.19 -94.51 -72.99 -78.47 -71.27 -64.35 -106.63 -108.14 -101.93 -103.63 -95.27 -311.44 -371.09 -444.55 -530.37 -631.04 -741.87 -879.87 -1182.38 ]
rewardsPerStep{1}{3} = [-849.15 -832.45 -817.61 -797.98 -783.35 -773.74 -753.01 -742.29 -719.74 -700.76 -687.56 -671.71 -649.9 -625.53 -619.26 -580.88 -542.94 -529.21 -499.59 -470.1 -440.95 -404.68 -384.71 -356.63 -303.16 -316.51 -295.76 -281.66 -257.54 -233.43 -251.22 -231.55 -212.31 -194.02 -163.3 -145.35 -137.23 -102.38 -92.88 -87.84 -67.61 -69.64 -68.45 -71.02 -53.06 -39.86 -23.61 17.55 -12.69 25.44 24.87 33.58 43.54 36.4 25.74 -14.2 -12.63 -18.04 -59.92 -79.12 -97.65 -161.95 -176.43 -226.01 -234.8 -162.88 -256.18 -372.65 -501.57 -623.04 -730.83 -863.36 -1209.2 ]
rewardsPerStep{1}{4} = [-848.31 -833.13 -818.89 -806.64 -788.06 -765.84 -754.07 -738.45 -721.62 -694.62 -677.52 -665.83 -649.78 -625.39 -601.16 -567.03 -544.44 -513.63 -479.85 -448.48 -425.43 -371.78 -334.29 -336.28 -312.86 -298.07 -275.13 -255.99 -240.14 -222.55 -224.97 -220.18 -203.6 -190.42 -173.35 -191.13 -183.12 -180.6 -567.62 -625.99 -642.5 -658.91 -709.03 -769.51 -803.14 -774.13 -760.07 -770.01 -808.16 -808.87 -795.94 -772.92 -762.74 -760.47 -776.92 -813.42 -816.61 -802.43 -794.34 -805.41 -826.72 -831.87 -822.2 -805.11 -791.44 -784.87 -778.55 -772.28 -766.73 -775.06 -790.61 -796.29 -809.98 -820.64 -849.65 -886.78 -904.64 -934.53 -939.55 -940.86 -940.12 -938.56 -939.61 -939.46 -941.25 -941.16 -941.21 -939.95 -940.45 -939.78 -939.72 -940.47 -939.73 -938.89 -939.32 -939.93 -938.94 -938.76 -939.32 -938.95 -937.37 -934.38 -937.32 -938.12 -938.56 -939.07 -939.44 -938.33 -937.87 -938.22 -936.15 -939.36 -939.72 -938.69 -935.98 -935.94 -937.59 -939.24 -940.01 -937.47 -938.46 -938.48 -938.91 -935.06 -935.52 -938.64 -938.93 -938.58 -936.78 -938.69 -933.07 -938.43 -933.87 -935.84 -936.5 -936.97 -936.7 -935.37 -933.62 -930.4 -932.02 -933.44 -933.98 -935.06 -937.63 -934.32 -930.42 -932.74 -931.5 -929.09 -925.29 -930.41 -925.81 -929.58 -925.55 -928.31 -928.39 -929.51 -923.56 -928.99 -928.42 -926.68 -931.18 -927.28 -925.84 -916.64 -919.52 -921.16 -917.96 -917.75 -917.49 -906.13 -906.83 -897.72 ]
rewardsPerStep{1}{5} = [-847.34 -834.53 -820.94 -807.86 -787.36 -774.1 -758.03 -733.46 -711.85 -692.74 -669.51 -644.95 -616.03 -594.39 -575.89 -565.7 -538.48 -499.63 -467.68 -419.63 -369.36 -321.83 -322.0 -314.79 -289.25 -275.93 -264.2 -238.47 -218.21 -203.11 -202.59 -167.84 -129.11 -99.94 -80.13 -65.07 -42.64 -59.99 -67.28 -36.26 -51.04 -37.98 -30.35 -24.2 -27.52 -24.1 -53.51 -42.86 -30.46 -27.58 -15.46 2.22 7.76 2.84 10.26 -16.56 -23.29 -26.09 -36.78 -55.87 -58.22 -72.44 -75.32 -145.55 -161.3 -129.51 -84.14 -118.06 -131.09 -146.95 -155.91 -183.79 -192.29 -172.04 -177.05 -188.68 -211.34 -200.71 -254.55 -278.94 -280.5 -268.78 -273.05 -296.5 -303.74 -307.66 -328.33 -343.34 -301.57 -298.71 -292.04 -305.47 -312.79 -332.1 -344.17 -350.04 -349.5 -358.96 -321.58 -309.51 -325.54 -351.9 -376.16 -361.33 -364.42 -374.22 -384.97 -382.26 -353.38 -382.95 -355.0 -313.48 -287.05 -292.12 -305.65 -292.14 -297.91 -358.25 -362.97 -352.32 -399.99 -433.31 -410.52 -181.22 -323.54 -463.41 -444.25 -625.39 -733.12 -812.05 -816.65 -808.71 -816.96 -838.29 -874.61 -892.51 -909.06 -927.77 -945.62 -946.07 -946.06 -947.57 -946.49 -946.26 -947.06 -946.12 -945.92 -946.03 -946.66 -946.88 -946.92 -946.24 -946.59 -946.57 -946.78 -945.77 -946.99 -944.9 -947.3 -946.14 -946.78 -945.88 -945.47 -946.29 -945.6 -946.11 -946.19 -945.55 -945.85 -947.29 -945.43 -944.7 -945.89 -945.79 -946.15 -946.24 -945.39 -947.13 -945.83 -945.51 -945.42 -946.69 -944.7 -946.14 -946.0 -944.79 -946.68 -945.15 -946.33 -946.33 -946.41 -946.21 -945.09 -945.67 -944.71 -945.38 -945.61 -945.12 -945.16 -944.99 -945.96 -946.23 -945.8 -944.53 -945.51 -945.79 -946.42 -945.66 -945.46 -944.72 -945.44 -945.9 -944.22 -944.96 -944.9 -945.94 -945.29 -945.49 -945.59 -945.65 -945.07 -945.6 -945.56 -945.41 -946.29 -944.93 -944.59 -945.45 -946.27 -945.41 -945.67 -945.29 -944.93 -944.66 ]
rewardsPerStep{1}{6} = [-847.71 -835.25 -821.23 -804.01 -784.82 -769.73 -755.29 -732.38 -710.15 -688.16 -672.07 -657.89 -638.34 -624.5 -596.27 -568.48 -530.28 -505.06 -459.6 -421.27 -391.9 -345.15 -346.98 -330.9 -319.7 -295.52 -312.8 -313.01 -290.5 -272.17 -257.14 -184.14 -172.5 -151.6 -146.81 -136.81 -124.58 -89.68 -82.1 -68.38 -50.0 -55.7 -67.38 -40.15 -74.43 -36.59 -34.66 -32.02 -18.17 -41.76 -33.48 -30.55 -23.32 -12.58 34.73 22.65 32.28 45.32 24.01 -9.27 -18.64 -15.94 -40.95 -54.87 -77.46 -56.94 -60.52 -73.28 -71.76 -67.74 -90.0 -79.99 -103.7 -132.24 -140.22 -155.19 -151.57 -148.66 -125.23 -156.68 -178.33 -193.53 -216.73 -220.59 -230.35 -257.71 -288.79 -329.81 -334.59 -288.79 -289.2 -344.8 -333.04 -255.95 -31.58 -78.42 -49.15 -45.7 -49.07 -120.14 -160.0 -213.7 -201.45 -175.56 -198.36 -454.14 -569.86 -659.71 -770.58 -1028.43 ]
