episodes = 3
totalTime = 40.7963700294
times = [17.4503059387 6.32996296883 6.28903102875 10.7266089916 ]
step = [25 24 24 34 ]
rewardsPerEpisode = [-7490.45231653 -7068.95339193 -6816.64028346 -7874.5789967 ]
rewardsPerStep{1} = [-448.9909357 -435.970333 -423.1380554 -410.61443613 -397.8206481 -384.3736632 -367.58238 -352.844229 -346.424275 -326.536221 -310.61986 -291.32954 -267.35276 -265.46114 -242.21085 -227.77983 -247.15974 -221.06783 -207.7632 -182.13792 -201.75354 -171.46753 -138.2674 -93.9212 -527.8648 ]
rewardsPerStep{2} = [-448.7466355 -433.3991122 -420.9395777 -409.53543623 -390.5742063 -378.161577 -365.057327 -351.273679 -337.381306 -332.445985 -314.02333 -299.05155 -279.26903 -260.08049 -241.02607 -211.54509 -212.48986 -181.00016 -146.40295 -178.40646 -149.70676 -128.9346 -103.5267 -495.9755 ]
rewardsPerStep{3} = [-449.000605 -433.8456518 -413.0346293 -397.651586556 -382.7157978 -369.74951 -351.676127 -328.327313 -304.05278 -277.964905 -265.866548 -257.71605 -241.21906 -229.32549 -224.60791 -210.14926 -211.64177 -185.03507 -169.60436 -187.79344 -170.39322 -136.3676 -124.3173 -494.5843 ]
rewardsPerStep{4} = [-449.516132 -436.3065427 -416.2432425 -395.6782753 -382.2881197 -367.9389505 -353.784744 -333.318344 -319.926808 -311.795324 -304.416504 -283.64393 -264.82967 -254.14629 -238.82784 -222.25149 -210.59007 -184.60171 -160.66262 -136.03392 -105.85972 -74.52228 -73.71556 -18.08025 18.45117 22.13699 -58.80419 -69.69817 -120.52271 -155.99047 -244.54723 -279.11807 -311.47778 -376.0302 ]
