goalReached = [1 1 1 ]
episodeCount = [45 12 10 ]
totalTime = [1684.64 454.74 452.99 ]
subtimes{1} = [38.0 31.0 16.0 77.0 32.0 24.0 58.0 35.0 29.0 15.0 45.0 25.0 49.0 15.0 25.0 42.0 26.0 52.0 16.0 21.0 25.0 48.0 30.0 46.0 54.0 14.0 73.0 14.0 66.0 13.0 70.0 24.0 52.0 19.0 38.0 73.0 19.0 47.0 23.0 48.0 45.0 27.0 34.0 28.0 83.0 ]
subtimes{2} = [32.0 27.0 36.0 29.0 47.0 60.0 47.0 14.0 12.0 50.0 14.0 86.0 ]
subtimes{3} = [33.0 48.0 50.0 50.0 18.0 18.0 61.0 31.0 46.0 98.0 ]
step{1} = [188 144 73 364 150 114 211 173 137 58 220 116 226 65 115 129 129 251 59 98 118 220 142 221 248 68 356 52 327 58 221 119 252 76 183 357 76 225 108 221 219 128 149 131 407 ]
step{2} = [158 121 171 128 226 291 217 62 54 231 68 420 ]
step{3} = [160 222 243 228 89 82 126 146 223 471 ]
rewardsPerEpisode{1} = [-163548.07 -115207.62 -25106.89 -180006.87 -45291.61 -33122.67 -75547.11 -116666.67 -40954.71 -22634.91 -69899.19 -33633.11 -128268.52 -24440.78 -29644.68 -31744.27 -36476.01 -75022.28 -28957.91 -26059.38 -25552.93 -62109.92 -37399.33 -65070.03 -74073.45 -25122.3 -169386.59 -24072.3 -153510.26 -25625.33 -60908.03 -31255.73 -74865.78 -22667.54 -116922.16 -169958.76 -26501.82 -69434.98 -24419.67 -60139.44 -62699.25 -42848.58 -30707.36 -27563.38 -106528.8 ]
rewardsPerEpisode{2} = [-118915.36 -35153.71 -120706.19 -40833.37 -67491.26 -308912.13 -69981.51 -24402.09 -24661.33 -133923.28 -26170.48 -115992.35 ]
rewardsPerEpisode{3} = [-127517.94 -133935.06 -80106.09 -68685.82 -28002.29 -28150.63 -37606.84 -39475.61 -62101.21 -172502.04 ]
rewardsPerStep{1}{1} = [-847.73 -833.89 -820.34 -806.22 -792.22 -779.25 -763.23 -745.78 -728.3 -713.63 -689.27 -669.74 -644.73 -611.4 -600.39 -565.54 -540.91 -525.91 -485.4 -465.23 -423.87 -381.19 -348.51 -291.93 -230.83 -223.68 -190.76 -157.28 -115.18 -119.33 -99.93 -74.64 -62.01 -80.41 -75.93 -101.59 -678.71 -706.34 -747.68 -773.56 -854.88 -928.84 -973.05 -985.9 -991.69 -1003.33 -1010.8 -1016.65 -1027.84 -1039.02 -1042.45 -1055.61 -1059.61 -1073.94 -1083.47 -1094.9 -1105.72 -1108.09 -1120.83 -1132.11 -1139.8 -1148.88 -1148.88 -1150.81 -1174.15 -1191.93 -1196.79 -1209.31 -1228.82 -1235.16 -1238.97 -1247.71 -1257.26 -1256.13 -1264.3 -1259.95 -1284.45 -1279.73 -1279.45 -1275.15 -1288.1 -1283.23 -1277.25 -821.81 -810.87 -805.19 -809.1 -820.56 -844.17 -856.27 -857.6 -861.63 -883.71 -881.62 -879.33 -892.07 -896.72 -902.7 -901.49 -898.74 -891.87 -893.13 -897.99 -889.8 -896.6 -904.91 -905.66 -918.06 -913.73 -913.53 -914.7 -913.59 -906.35 -907.61 -909.28 -908.85 -918.89 -914.82 -922.39 -918.6 -914.17 -922.19 -912.61 -916.71 -909.47 -902.71 -905.98 -921.36 -927.75 -916.71 -910.61 -917.49 -920.77 -927.85 -925.99 -919.85 -917.66 -912.94 -922.97 -917.66 -918.37 -914.84 -922.72 -919.43 -920.85 -929.05 -921.77 -916.65 -921.55 -927.59 -925.34 -922.36 -926.02 -922.62 -920.87 -919.72 -924.42 -919.21 -919.14 -910.48 -904.89 -904.13 -906.48 -914.69 -917.48 -908.52 -901.99 -913.64 -916.52 -914.7 -918.65 -911.21 -913.82 -914.06 -901.27 -908.44 -903.3 -907.3 -912.29 -914.75 -910.66 -913.27 -906.05 -900.89 -900.02 -904.53 -909.08 -907.63 ]
rewardsPerStep{1}{2} = [-849.89 -834.09 -815.26 -797.19 -785.84 -768.55 -751.86 -732.32 -710.41 -691.18 -683.81 -655.04 -637.13 -619.06 -593.86 -570.09 -562.95 -552.33 -503.77 -470.28 -429.12 -395.71 -358.57 -336.92 -336.54 -317.81 -296.36 -276.99 -258.58 -230.82 -218.89 -207.67 -179.69 -163.87 -177.69 -148.23 -131.52 -170.42 -165.99 -174.26 -662.79 -725.29 -766.73 -790.52 -868.65 -923.92 -936.92 -939.61 -937.87 -937.26 -940.16 -938.69 -937.92 -937.1 -938.01 -937.62 -937.88 -938.02 -935.93 -939.67 -939.15 -937.36 -937.28 -938.39 -935.66 -938.15 -940.01 -939.31 -938.17 -937.98 -937.55 -937.82 -937.48 -938.02 -937.48 -937.51 -939.43 -937.05 -939.17 -939.03 -939.6 -937.55 -938.82 -938.35 -938.71 -937.09 -939.93 -939.96 -939.04 -936.98 -938.05 -937.36 -936.89 -933.46 -938.27 -936.93 -938.63 -938.29 -936.21 -936.91 -935.63 -938.52 -939.72 -940.2 -936.83 -937.27 -938.93 -938.77 -937.83 -937.6 -937.54 -938.25 -938.04 -937.51 -938.13 -938.49 -938.23 -939.18 -939.25 -937.26 -936.79 -935.03 -938.88 -939.46 -936.75 -938.27 -938.13 -937.27 -936.19 -937.65 -937.65 -938.8 -938.62 -937.05 -938.41 -938.07 -935.61 -937.02 -937.1 -937.58 -935.73 -935.13 -935.44 -937.67 ]
rewardsPerStep{1}{3} = [-848.49 -834.92 -813.38 -792.07 -771.8 -751.43 -733.73 -719.6 -704.45 -685.52 -661.67 -642.92 -617.05 -602.46 -581.74 -550.23 -516.99 -489.26 -463.82 -444.61 -421.55 -366.76 -352.6 -355.27 -358.34 -323.56 -326.44 -312.28 -299.04 -281.24 -269.66 -261.28 -237.19 -231.68 -201.13 -178.39 -162.98 -193.11 -177.94 -158.13 -128.49 -89.75 -34.72 -81.73 -71.23 -64.36 -68.53 -59.57 -56.03 -44.77 -37.38 -24.63 -27.41 -22.84 -8.44 -0.94 -0.66 -17.26 -30.13 -35.16 -100.81 -105.5 -103.82 -101.05 -216.5 -275.86 -352.21 -430.12 -525.2 -613.29 -713.75 -833.62 -1136.41 ]
rewardsPerStep{1}{4} = [-848.44 -831.43 -807.17 -788.93 -770.61 -759.34 -746.28 -733.72 -710.96 -696.93 -680.28 -653.73 -625.89 -602.92 -568.94 -533.36 -490.64 -466.64 -443.94 -431.65 -398.98 -351.08 -358.61 -359.3 -308.69 -317.98 -285.09 -275.21 -248.96 -238.05 -230.27 -210.49 -199.79 -185.65 -184.31 -148.38 -113.5 -85.83 -72.83 -65.32 -41.76 -48.1 -33.78 -12.72 -15.3 1.47 8.34 13.05 6.61 12.48 13.29 24.48 42.1 40.44 10.2 -19.58 -33.98 -58.86 -101.27 -127.27 -145.28 -158.48 -170.59 -197.04 -164.55 -193.29 -206.82 -227.59 -244.04 -218.11 -236.19 -266.18 -262.0 -284.3 -315.01 -343.76 -351.2 -308.79 -277.4 -286.97 -307.45 -338.21 -353.06 -334.61 -292.66 -252.11 -271.86 -290.13 -300.01 -301.54 -325.75 -339.31 -328.13 -307.88 -303.21 -311.37 -321.26 -349.79 -365.09 -354.42 -313.83 -284.76 -266.06 -273.4 -332.1 -351.15 -337.34 -312.64 -323.08 -340.62 -342.91 -385.72 -374.62 -306.37 -329.31 -323.89 -345.56 -353.69 -296.67 -256.98 -268.7 -301.71 -331.43 -311.62 -306.8 -330.08 -328.56 -348.12 -367.94 -403.47 -355.04 -272.34 -242.56 -247.87 -222.75 -245.92 -257.65 -264.4 -289.0 -296.84 -316.31 -321.27 -335.34 -335.51 -357.47 -337.12 -302.2 -320.35 -335.66 -335.84 -364.93 -332.76 -301.52 -309.61 -350.21 -346.95 -363.68 -387.01 -362.95 -261.25 -246.01 -270.2 -278.68 -307.24 -326.85 -359.89 -346.81 -325.57 -358.28 -331.35 -314.04 -356.78 -349.0 -333.07 -339.22 -353.54 -375.17 -342.99 -363.38 -351.17 -309.69 -332.1 -306.85 -314.87 -350.18 -358.32 -359.93 -340.97 -386.53 -399.21 -405.76 -392.62 -391.68 -387.57 -379.42 -364.58 -355.54 -274.79 -268.67 -275.0 -289.67 -312.1 -335.44 -305.15 -293.97 -296.97 -309.11 -328.84 -316.48 -314.1 -299.34 -324.36 -312.37 -328.21 -336.26 -345.62 -356.15 -382.23 -364.08 -334.85 -328.77 -346.18 -355.53 -319.85 -354.52 -324.73 -294.7 -295.15 -299.79 -305.36 -332.39 -338.99 -329.3 -328.26 -320.3 -296.84 -284.29 -266.84 -277.8 -280.91 -298.04 -291.3 -306.93 -293.82 -279.26 -307.94 -341.43 -366.92 -327.17 -311.24 -358.23 -356.83 -432.88 -463.62 -434.62 -420.25 -440.97 -499.67 -584.61 -629.38 -687.22 -739.11 -762.36 -820.36 -891.82 -931.32 -945.87 -947.25 -948.83 -946.05 -948.31 -947.82 -947.94 -949.09 -943.5 -945.26 -949.54 -946.45 -948.5 -943.81 -944.61 -944.02 -945.78 -945.86 -946.05 -942.89 -945.52 -943.99 -947.71 -948.12 -947.5 -946.86 -942.67 -948.38 -948.66 -947.63 -947.39 -945.8 -940.39 -945.7 -948.13 -944.53 -947.77 -947.7 -941.16 -945.24 -949.96 -944.92 -944.74 -947.69 -947.06 -947.01 -948.36 -945.98 -941.07 -940.69 -945.66 -946.58 -943.97 -947.71 -946.2 -948.52 -943.61 -944.43 -940.35 -935.91 -942.67 -946.11 -945.79 -943.21 -946.12 -945.35 -940.99 -942.62 -947.18 -946.29 -945.0 -945.53 -947.66 -945.45 -948.0 -945.53 -944.57 -942.93 -936.45 -939.56 -940.86 -933.3 -943.52 -941.95 -942.92 -945.95 -944.53 -943.43 -944.11 -941.59 -947.61 -944.88 -945.5 -938.47 -944.6 -943.52 -941.34 -939.34 ]
