isGoalReached_0 = 1
episodes_0 = 1
totalTime_0 = 5.7637629509
times_0 = [5.76367497444 ]
step_0 = [26 ]
rewardsPerEpisode_0 = [-7405.65691653 ]
rewardsPerStep_0{1} = [-448.9909357 -435.970333 -423.1380554 -410.61443613 -397.8206481 -384.3736632 -367.58238 -352.844229 -346.424275 -326.536221 -310.61986 -289.68564 -267.75249 -265.84146 -241.43787 -227.49427 -246.53269 -220.54561 -206.31315 -174.8202 -143.86248 -158.23497 -121.03206 -77.02169 -74.7281 -485.4392 ]

isGoalReached_1 = 1
episodes_1 = 1
totalTime_1 = 5.65171694756
times_1 = [5.65158009529 ]
step_1 = [25 ]
rewardsPerEpisode_1 = [-7759.83464053 ]
rewardsPerStep_1{1} = [-448.9909357 -435.970333 -423.1380554 -410.61443613 -397.8206481 -384.3736632 -371.499599 -359.75205 -347.976172 -335.497889 -316.884219 -303.73467 -298.14264 -278.01196 -262.36735 -240.46541 -211.55542 -240.30427 -209.35294 -193.42971 -230.1287 -200.95227 -186.5352 -159.297 -513.0391 ]

isGoalReached_2 = 1
episodes_2 = 1
totalTime_2 = 5.88247799873
times_2 = [5.88234996796 ]
step_2 = [26 ]
rewardsPerEpisode_2 = [-8137.58268253 ]
rewardsPerStep_2{1} = [-448.9909357 -435.970333 -423.1380554 -410.61443613 -397.8206481 -384.3736632 -371.499599 -359.75205 -347.976172 -335.497889 -324.035591 -312.12487 -300.26001 -290.1885 -272.49681 -258.84454 -253.64956 -260.39786 -240.52929 -210.77696 -224.22801 -222.5891 -189.4916 -171.728 -160.0331 -530.5751 ]

isGoalReached_3 = 1
episodes_3 = 1
totalTime_3 = 6.47303986549
times_3 = [6.47288703918 ]
step_3 = [28 ]
rewardsPerEpisode_3 = [-8983.79049809 ]
rewardsPerStep_3{1} = [-448.7709147 -450.03718149 -438.5189634 -425.1704863 -411.1567909 -398.7809066 -385.3117867 -373.047565 -360.101237 -348.253483 -336.620964 -323.954249 -311.94153 -301.23508 -290.42571 -280.90055 -270.53878 -259.53437 -277.91965 -265.76433 -243.40064 -225.03303 -270.7201 -238.2286 -215.0113 -180.5225 -141.4981 -511.3917 ]

isGoalReached_4 = 1
episodes_4 = 1
totalTime_4 = 7.56920790672
times_4 = [7.56908202171 ]
step_4 = [28 ]
rewardsPerEpisode_4 = [-9200.42420809 ]
rewardsPerStep_4{1} = [-448.7709147 -450.03718149 -438.5189634 -425.1704863 -411.1567909 -398.7809066 -385.3117867 -373.047565 -360.101237 -348.253483 -336.620964 -323.954249 -311.94153 -301.23508 -290.42571 -280.90055 -270.53878 -259.53437 -277.91965 -265.76433 -253.5059 -239.2743 -274.85868 -261.8768 -246.9939 -221.1211 -202.3545 -542.4545 ]

isGoalReached_5 = 1
episodes_5 = 1
totalTime_5 = 8.63368582726
times_5 = [8.63357114792 ]
step_5 = [28 ]
rewardsPerEpisode_5 = [-9224.22940809 ]
rewardsPerStep_5{1} = [-448.7709147 -450.03718149 -438.5189634 -425.1704863 -411.1567909 -398.7809066 -385.3117867 -373.047565 -360.101237 -348.253483 -336.620964 -323.954249 -311.94153 -301.23508 -290.42571 -280.90055 -270.53878 -259.53437 -277.91965 -265.76433 -253.5059 -239.2743 -274.85868 -261.8768 -246.9939 -232.9761 -217.9805 -538.7787 ]

isGoalReached_6 = 1
episodes_6 = 1
totalTime_6 = 9.99572896957
times_6 = [9.99560594559 ]
step_6 = [28 ]
rewardsPerEpisode_6 = [-9224.22940809 ]
rewardsPerStep_6{1} = [-448.7709147 -450.03718149 -438.5189634 -425.1704863 -411.1567909 -398.7809066 -385.3117867 -373.047565 -360.101237 -348.253483 -336.620964 -323.954249 -311.94153 -301.23508 -290.42571 -280.90055 -270.53878 -259.53437 -277.91965 -265.76433 -253.5059 -239.2743 -274.85868 -261.8768 -246.9939 -232.9761 -217.9805 -538.7787 ]

isGoalReached_7 = 1
episodes_7 = 1
totalTime_7 = 11.0959711075
times_7 = [11.0958487988 ]
step_7 = [29 ]
rewardsPerEpisode_7 = [-9621.9685392 ]
rewardsPerStep_7{1} = [-448.7709147 -450.1555167 -450.1079806 -435.226247 -421.7181776 -409.4652989 -395.7905003 -382.8734404 -370.913705 -359.778946 -346.179692 -335.033195 -322.487335 -311.82095 -300.52924 -289.89545 -279.91135 -268.84255 -257.71977 -276.75794 -264.01293 -250.93012 -237.64426 -273.02263 -259.1207 -245.4616 -231.4564 -215.2085 -531.1332 ]

isGoalReached_8 = 1
episodes_8 = 1
totalTime_8 = 12.5886340141
times_8 = [12.5885050297 ]
step_8 = [29 ]
rewardsPerEpisode_8 = [-9621.9685392 ]
rewardsPerStep_8{1} = [-448.7709147 -450.1555167 -450.1079806 -435.226247 -421.7181776 -409.4652989 -395.7905003 -382.8734404 -370.913705 -359.778946 -346.179692 -335.033195 -322.487335 -311.82095 -300.52924 -289.89545 -279.91135 -268.84255 -257.71977 -276.75794 -264.01293 -250.93012 -237.64426 -273.02263 -259.1207 -245.4616 -231.4564 -215.2085 -531.1332 ]

