goalReached = [1 1 ]
episodeCount = [1 1 ]
totalTime = [5.54817700386 5.56358218193 ]
subtimes{1} = [5.5480761528 ]
subtimes{2} = [5.5634829998 ]
step{1} = [25 ]
step{2} = [25 ]
rewardsPerEpisode{1} = [-7484.85401653 ]
rewardsPerEpisode{2} = [-7674.41031753 ]
rewardsPerStep{1}{1} = [-448.9909357 -435.970333 -423.1380554 -410.61443613 -397.8206481 -384.3736632 -367.58238 -352.844229 -346.424275 -326.536221 -310.61986 -289.68564 -267.75249 -265.84146 -241.43787 -227.49427 -246.53269 -220.64755 -207.09779 -181.41402 -200.97394 -171.15616 -137.95 -93.551 -528.4041 ]
rewardsPerStep{2}{1} = [-448.9909357 -435.970333 -423.1380554 -410.61443613 -397.8206481 -384.3736632 -371.499599 -359.75205 -347.976172 -330.032121 -315.443594 -310.7884 -289.51453 -275.3474 -253.02549 -226.04986 -224.07739 -225.57587 -209.27748 -196.94609 -216.98759 -203.95931 -176.8048 -144.6834 -495.7611 ]

