goalReached = [1 ]
episodeCount = [6 ]
totalTime = [303.28 ]
subtimes{1} = [76.0 30.0 46.0 43.0 27.0 82.0 ]
step{1} = [374 135 222 138 131 400 ]
rewardsPerEpisode{1} = [-118375.14 4097.92 8341.29 4544.07 5237.76 16535.67 ]
rewardsPerStep{1}{1} = [50.0 50.0 50.0 49.99 49.99 49.99 49.99 49.99 49.98 49.97 49.96 49.96 49.96 49.96 49.95 49.94 49.94 49.96 49.96 49.97 49.96 49.93 49.9 49.87 49.83 49.77 49.72 49.64 49.53 19.39 19.23 19.14 19.13 19.22 19.38 59.61 49.88 49.75 19.3 -31.62 -41.51 -28.59 -26.55 -25.38 -24.62 -24.05 -23.32 -23.3 -23.39 -23.56 -24.2 -25.48 -26.77 -27.74 -51.51 -61.51 -71.51 -81.51 -91.51 -101.51 -111.51 -121.51 -131.51 -141.51 -151.51 -161.51 -171.51 -181.51 -191.51 -201.51 -211.51 -221.52 -231.52 -241.52 -251.52 -261.52 -271.52 -281.52 -291.52 -301.52 -311.52 -321.52 -331.52 -341.52 -351.53 -361.53 -371.53 -381.53 -391.53 -401.53 -411.53 -421.54 -431.54 -441.54 -451.54 -461.54 -471.54 -481.54 -491.54 -501.54 -511.55 -521.55 -531.55 -541.55 -551.56 -561.56 -571.57 -581.57 -591.57 -601.57 -611.58 -621.58 -631.58 -641.59 -651.59 -661.59 -671.59 -681.59 -691.58 -701.58 -711.59 -24.81 -24.4 -24.52 -24.24 -24.06 -23.47 -22.87 -21.84 -21.95 -22.1 -21.0 -41.59 -16.66 -14.88 -13.48 29.01 19.2 19.38 59.56 49.72 49.85 49.94 49.98 49.95 49.84 49.65 19.39 19.06 -29.32 -41.49 -30.62 -31.0 -31.21 -31.14 -30.8 -30.17 -51.49 -61.5 -71.5 -81.5 -91.5 -101.5 -111.5 -121.51 -131.51 -141.51 -151.51 -161.51 -171.51 -181.51 -191.51 -201.51 -211.51 -221.51 -231.51 -241.51 -251.51 -261.51 -271.51 -281.51 -291.51 -301.51 -311.51 -321.52 -331.52 -341.52 -351.52 -361.52 -371.52 -381.52 -391.52 -401.52 -411.52 -421.52 -431.52 -441.53 -451.53 -461.53 -471.53 -481.53 -491.53 -501.53 -511.53 -521.53 -531.53 -541.53 -551.53 -561.54 -571.54 -581.54 -591.54 -601.54 -611.54 -621.54 -631.54 -641.54 -651.55 -661.55 -671.55 -681.55 -691.55 -701.56 -711.56 -721.56 -731.57 -741.57 -751.57 -761.57 -771.57 -781.58 -791.58 -801.58 -811.58 -821.59 -831.59 -841.59 -851.59 -861.6 -871.6 -881.61 -23.34 -22.91 -22.78 -22.41 -21.65 -21.4 -20.9 -19.98 -19.59 -19.1 -18.34 -16.92 -15.87 -14.37 29.11 19.29 19.43 59.54 49.6 49.61 49.59 19.49 19.3 19.03 -28.41 -41.5 -29.95 -30.56 -30.94 -31.18 -31.1 -30.9 -30.62 -51.49 -61.49 -71.5 -81.5 -91.5 -101.5 -111.5 -121.5 -131.5 -141.5 -151.5 -161.5 -171.5 -181.5 -191.5 -201.5 -211.5 -221.5 -231.5 -241.5 -251.5 -261.5 -271.5 -281.5 -291.5 -301.5 -311.5 -321.5 -331.5 -341.5 -351.5 -361.51 -371.51 -381.51 -391.51 -401.51 -411.51 -421.51 -431.51 -441.51 -451.51 -461.51 -471.51 -481.51 -491.51 -501.51 -511.51 -521.51 -531.51 -541.51 -551.51 -561.51 -571.51 -581.51 -591.51 -601.51 -611.51 -621.51 -631.51 -641.51 -651.51 -661.51 -671.51 -681.51 -691.51 -701.52 -711.52 -721.52 -731.52 -741.52 -751.52 -761.52 -771.52 -781.52 -791.52 -801.52 -811.52 -821.52 -831.52 -841.52 -851.52 -861.52 -871.52 -881.52 -891.52 -901.52 -911.52 -921.52 -931.52 -941.52 -951.52 -961.52 -971.52 -981.52 -991.52 -1001.52 -1011.52 -1021.52 -1031.52 -1041.52 ]
rewardsPerStep{1}{2} = [50.0 50.0 50.0 49.99 50.0 49.99 49.99 49.98 49.97 49.95 49.93 49.91 49.9 49.88 49.85 49.82 49.79 49.76 49.72 49.71 49.73 49.74 49.75 49.76 49.77 49.77 49.76 49.77 49.82 49.89 49.95 49.96 49.95 49.95 49.92 49.83 49.75 49.76 49.83 49.88 49.89 49.85 49.76 49.7 49.65 49.59 49.59 49.62 49.62 49.54 19.45 19.41 19.4 19.37 19.29 19.25 19.25 19.18 19.08 -21.75 -20.52 29.02 19.11 19.12 19.05 -21.97 -21.25 -20.0 29.03 19.17 19.23 19.22 19.18 19.09 19.0 -20.29 29.04 19.15 19.2 19.16 19.06 19.03 19.05 19.06 19.11 19.17 19.21 19.25 19.23 19.22 19.3 19.32 19.26 19.17 19.13 19.15 19.13 19.1 19.06 19.01 19.07 19.18 19.23 19.26 19.44 59.6 49.71 49.76 49.84 49.88 49.95 49.9 49.79 49.76 49.83 49.9 49.83 49.71 49.63 49.61 49.63 49.66 49.74 49.78 49.66 19.43 19.13 -25.93 -41.51 -30.07 -31.02 -32.65 -33.38 -35.14 -51.48 ]
rewardsPerStep{1}{3} = [50.0 50.0 50.0 49.99 49.99 49.98 49.97 49.96 49.95 49.94 49.93 49.9 49.88 49.86 49.83 49.83 49.82 49.82 49.79 49.72 49.65 49.61 49.57 49.56 49.62 49.72 49.77 49.78 49.73 49.64 49.56 49.52 19.48 19.43 19.39 19.37 19.36 19.39 19.44 59.51 49.62 49.66 49.61 49.52 49.51 49.54 49.53 19.45 19.34 19.3 19.33 19.43 59.54 49.62 49.68 49.76 49.89 49.98 49.94 49.97 49.97 49.92 49.88 49.83 49.83 49.84 49.88 49.9 49.93 49.99 49.85 49.79 49.79 49.81 49.85 49.87 49.96 49.88 49.78 49.76 49.75 49.77 49.83 49.83 49.73 49.59 19.48 19.46 59.57 49.74 49.86 49.9 49.96 49.94 49.92 49.97 49.98 49.96 49.87 49.86 49.92 49.96 49.96 49.97 49.89 49.73 49.51 19.39 19.41 19.49 59.66 49.8 49.94 49.88 49.74 49.67 49.68 49.79 49.94 49.95 49.85 49.77 49.78 49.76 49.7 49.71 49.8 49.88 49.91 49.92 49.97 49.98 49.95 49.92 49.88 49.91 49.92 49.89 49.87 49.91 49.9 49.88 49.97 49.89 49.81 49.8 49.72 49.57 19.5 59.55 49.66 49.75 49.89 49.97 49.97 49.95 49.95 49.97 49.98 49.88 49.83 49.82 49.7 49.54 19.39 19.29 19.27 19.34 19.42 19.39 19.25 19.05 -22.27 -22.38 -22.12 -21.08 -20.77 -20.62 -19.74 -18.88 -18.01 29.15 19.35 19.43 19.41 19.44 59.55 49.69 49.74 49.72 49.75 49.82 49.85 49.89 49.9 49.78 49.58 19.44 19.37 19.39 19.41 19.36 19.35 19.39 19.44 59.6 49.85 49.91 49.67 19.37 19.05 -25.96 -41.52 -27.77 -28.65 -29.4 -30.31 -31.15 -32.1 -33.18 -35.16 -51.48 ]
rewardsPerStep{1}{4} = [50.0 50.0 50.0 49.99 49.99 49.98 49.98 49.97 49.95 49.93 49.91 49.88 49.87 49.85 49.82 49.81 49.79 49.76 49.71 49.64 49.59 49.51 19.41 19.34 19.29 19.26 19.28 19.31 19.34 19.38 19.41 19.4 19.33 19.27 19.29 19.37 19.43 19.43 19.39 19.34 19.31 19.29 19.25 19.21 19.24 19.37 59.57 49.83 49.97 49.86 49.84 49.92 49.97 49.87 49.82 49.84 49.81 49.74 49.73 49.76 49.77 49.85 49.97 49.94 49.94 49.99 49.98 49.92 49.94 49.96 49.95 49.98 50.0 49.97 49.92 49.94 49.97 49.9 49.75 49.54 19.34 19.18 19.11 19.15 19.27 19.37 19.41 19.37 19.3 19.31 19.29 19.25 19.25 19.24 19.29 19.44 59.66 49.9 49.93 49.85 49.85 49.93 49.93 49.86 49.86 49.86 49.95 49.92 49.72 49.56 19.43 19.28 19.17 19.13 19.15 19.23 19.39 59.58 49.77 49.93 49.94 49.86 49.81 49.75 49.55 19.37 19.21 19.04 -24.36 -25.71 -41.5 -29.6 -31.1 -32.27 -33.52 -33.81 -36.05 -51.48 ]
rewardsPerStep{1}{5} = [50.0 50.0 49.99 49.99 49.99 49.98 49.97 49.95 49.93 49.9 49.89 49.88 49.86 49.84 49.82 49.8 49.77 49.74 49.71 49.7 49.69 49.63 49.57 49.52 19.47 19.46 19.49 59.53 49.56 49.54 19.47 19.41 19.41 19.42 19.44 19.41 19.36 19.31 19.33 19.45 59.65 49.84 49.96 49.98 49.92 49.81 49.72 49.63 49.58 49.6 49.64 49.67 49.75 49.8 49.82 49.85 49.95 49.92 49.87 49.92 49.98 49.94 49.96 49.97 49.93 49.9 49.9 49.91 49.95 49.9 49.8 49.74 49.71 49.73 49.73 49.7 49.71 49.67 49.67 49.68 49.63 49.51 19.4 19.33 19.33 19.38 19.37 19.37 19.42 19.48 59.61 49.69 49.71 49.75 49.75 49.74 49.72 49.69 49.78 49.93 49.96 49.92 49.98 49.91 49.81 49.68 49.54 49.5 49.53 49.58 49.6 49.59 49.63 49.81 49.96 49.97 49.96 49.99 49.93 49.85 49.92 49.83 19.45 19.11 -23.26 -24.84 -41.5 -32.07 -32.74 -51.49 -61.48 ]
