isGoalReached_0 = 1
episodes_0 = 1
totalTime_0 = 5.77393507957
times_0 = [5.7738339901 ]
step_0 = [26 ]
rewardsPerEpisode_0 = [-7495.01522453 ]
rewardsPerStep_0{1} = [-448.9909357 -435.970333 -423.1380554 -410.61443613 -397.8206481 -384.3736632 -371.499599 -355.329681 -338.953538 -333.713975 -314.44876 -299.1693 -278.06365 -254.34966 -253.47524 -227.91487 -242.86425 -231.11933 -203.504 -188.66098 -203.52583 -169.48087 -136.70736 -99.47707 -52.29279 -439.5564 ]

isGoalReached_1 = 1
episodes_1 = 1
totalTime_1 = 5.86604118347
times_1 = [5.86591410637 ]
step_1 = [26 ]
rewardsPerEpisode_1 = [-7749.41088053 ]
rewardsPerStep_1{1} = [-448.9909357 -435.970333 -423.1380554 -410.61443613 -397.8206481 -384.3736632 -371.499599 -359.75205 -347.976172 -335.497889 -316.884219 -303.73467 -298.14264 -278.01196 -262.36735 -239.89695 -211.59843 -240.99888 -209.23852 -192.30053 -229.76711 -200.09361 -188.7321 -155.52297 -118.63116 -387.856 ]

isGoalReached_2 = 1
episodes_2 = 1
totalTime_2 = 5.87429618835
times_2 = [5.87418103218 ]
step_2 = [26 ]
rewardsPerEpisode_2 = [-8143.40225253 ]
rewardsPerStep_2{1} = [-448.9909357 -435.970333 -423.1380554 -410.61443613 -397.8206481 -384.3736632 -371.499599 -359.75205 -347.976172 -335.497889 -324.035591 -312.12487 -300.26001 -290.1885 -279.62595 -262.52639 -246.84242 -272.25189 -245.08892 -224.31963 -194.4927 -207.7733 -206.2627 -170.3156 -152.9965 -538.6635 ]

isGoalReached_3 = 1
episodes_3 = 1
totalTime_3 = 6.35790991783
times_3 = [6.35777187347 ]
step_3 = [28 ]
rewardsPerEpisode_3 = [-8983.26479809 ]
rewardsPerStep_3{1} = [-448.7709147 -450.03718149 -438.5189634 -425.1704863 -411.1567909 -398.7809066 -385.3117867 -373.047565 -360.101237 -348.253483 -336.620964 -323.954249 -311.94153 -301.23508 -290.42571 -280.90055 -270.53878 -259.53437 -277.91965 -265.76433 -243.40064 -225.03303 -270.7201 -238.2286 -215.0113 -180.427 -141.3978 -511.0618 ]

isGoalReached_4 = 1
episodes_4 = 1
totalTime_4 = 7.27710294724
times_4 = [7.27698993683 ]
step_4 = [28 ]
rewardsPerEpisode_4 = [-9194.56290809 ]
rewardsPerStep_4{1} = [-448.7709147 -450.03718149 -438.5189634 -425.1704863 -411.1567909 -398.7809066 -385.3117867 -373.047565 -360.101237 -348.253483 -336.620964 -323.954249 -311.94153 -301.23508 -290.42571 -280.90055 -270.53878 -259.53437 -277.91965 -265.76433 -253.5059 -239.2743 -274.85868 -261.8768 -235.7104 -217.0356 -210.8369 -543.4798 ]

isGoalReached_5 = 1
episodes_5 = 1
totalTime_5 = 8.25823020935
times_5 = [8.25813484192 ]
step_5 = [28 ]
rewardsPerEpisode_5 = [-9224.22940809 ]
rewardsPerStep_5{1} = [-448.7709147 -450.03718149 -438.5189634 -425.1704863 -411.1567909 -398.7809066 -385.3117867 -373.047565 -360.101237 -348.253483 -336.620964 -323.954249 -311.94153 -301.23508 -290.42571 -280.90055 -270.53878 -259.53437 -277.91965 -265.76433 -253.5059 -239.2743 -274.85868 -261.8768 -246.9939 -232.9761 -217.9805 -538.7787 ]

