goalReached = [1 ]
episodeCount = [9 ]
totalTime = [332.44 ]
subtimes{1} = [38.0 26.0 15.0 32.0 45.0 13.0 58.0 23.0 82.0 ]
step{1} = [185 118 66 140 222 59 116 112 401 ]
rewardsPerEpisode{1} = [-55008.87 4476.92 1722.69 5813.44 8267.41 2129.43 4273.47 4699.58 16030.29 ]
rewardsPerStep{1}{1} = [50.0 50.0 50.0 49.99 49.99 49.99 49.99 49.99 49.98 49.97 49.96 49.96 49.96 49.96 49.95 49.94 49.94 49.96 49.96 49.97 49.96 49.93 49.9 49.87 49.83 49.77 49.72 49.64 49.53 19.39 19.23 19.13 19.12 19.18 19.31 59.51 49.76 49.89 19.45 -11.04 -41.5 -13.05 -14.8 -16.59 -17.64 -18.1 -18.2 -18.03 -17.79 -51.57 -61.57 -71.56 -81.57 -91.57 -101.57 -111.58 -121.58 -131.58 -141.58 -151.59 -161.6 -171.6 -181.61 -191.61 -19.96 -20.56 -20.9 -21.26 -21.99 -22.55 -22.54 -22.79 -23.26 -23.85 -24.85 -26.73 -29.32 29.05 19.29 59.58 49.92 49.73 19.36 -9.71 -9.34 -51.48 -61.48 -71.47 -81.47 -91.47 -101.47 -111.47 -121.47 -131.47 -141.47 -151.47 -161.47 -171.47 -181.47 -191.47 -201.47 -211.47 -221.47 -231.47 -241.47 -251.47 -261.47 -271.47 -281.47 -291.47 -301.47 -311.47 -321.47 -331.47 -341.47 -351.47 -361.47 -371.47 -381.47 -391.47 -401.47 -411.47 -421.47 -431.47 -441.47 -451.47 -461.47 -471.47 -481.47 -491.47 -501.47 -511.47 -521.47 -531.47 -541.47 -551.47 -561.47 -571.47 -581.47 -591.47 -601.47 -611.47 -621.47 -631.47 -641.47 -651.47 -661.47 -671.47 -681.47 -691.47 -701.47 -711.47 -721.47 -731.47 -741.47 -751.47 -761.47 -771.47 -781.47 -791.47 -801.47 -811.47 -821.47 -831.47 -841.47 -851.47 -861.47 -871.47 -881.47 -891.47 -901.47 -911.47 -921.47 -931.47 -941.47 -951.47 -961.47 -971.47 -981.47 -991.47 -1001.47 -1011.47 -1021.47 -1031.47 -1041.47 ]
rewardsPerStep{1}{2} = [50.0 50.0 49.99 49.99 49.98 49.97 49.97 49.96 49.94 49.93 49.9 49.88 49.85 49.84 49.84 49.81 49.77 49.72 49.68 49.65 49.61 49.57 49.56 49.57 49.58 49.6 49.57 49.51 19.48 19.46 19.41 19.36 19.32 19.31 19.38 19.48 59.55 49.59 49.65 49.81 49.96 49.8 49.7 49.57 19.42 19.35 19.38 19.49 59.63 49.79 49.92 49.99 49.89 49.79 49.76 49.76 49.77 49.83 49.84 49.85 49.88 49.89 49.85 49.87 49.89 49.86 49.84 49.85 49.83 49.88 49.97 49.96 49.93 49.97 49.97 49.88 49.78 49.76 49.82 49.93 49.99 49.97 49.92 49.97 49.86 49.6 19.37 19.23 19.19 19.23 19.36 59.52 49.58 49.58 49.65 49.8 49.98 49.72 49.53 19.45 19.4 19.3 19.24 19.24 19.27 19.44 59.74 49.85 19.44 19.09 -16.89 -15.9 -41.49 -11.35 -41.47 -9.7 -51.49 -61.48 ]
rewardsPerStep{1}{3} = [50.0 50.0 49.99 49.99 49.99 49.98 49.97 49.95 49.93 49.91 49.89 49.86 49.83 49.8 49.77 49.75 49.74 49.74 49.72 49.68 49.67 49.64 49.64 49.64 49.62 49.57 49.53 19.48 19.42 19.37 19.29 19.22 19.16 19.09 19.06 19.09 19.16 19.25 19.37 19.45 59.54 49.67 49.81 49.99 49.73 19.45 19.24 19.12 19.07 19.05 19.01 -21.62 29.02 -19.12 -18.64 -18.76 -17.91 -41.54 -15.44 -14.34 -13.39 -12.52 -11.78 -10.58 -8.1 -51.48 ]
rewardsPerStep{1}{4} = [50.0 50.0 50.0 49.99 49.99 49.98 49.97 49.96 49.95 49.94 49.93 49.91 49.89 49.86 49.83 49.8 49.77 49.77 49.75 49.73 49.71 49.69 49.65 49.62 49.63 49.69 49.73 49.76 49.76 49.75 49.72 49.68 49.65 49.64 49.68 49.69 49.65 49.61 49.62 49.6 49.56 49.54 49.62 49.74 49.83 49.85 49.79 49.69 49.64 49.61 49.6 49.65 49.71 49.75 49.7 49.62 49.6 49.63 49.65 49.62 49.62 49.65 49.61 49.51 19.39 19.31 19.33 19.36 19.31 19.21 19.15 19.09 19.1 19.19 19.32 19.4 19.42 19.46 19.47 59.51 49.6 49.77 49.93 49.97 49.97 49.96 49.94 49.99 49.96 49.89 49.87 49.85 49.8 49.82 49.85 49.78 49.73 49.78 49.92 49.87 49.67 49.51 19.38 19.23 19.14 19.27 59.53 49.76 49.94 49.95 49.89 49.89 49.91 49.86 49.89 49.94 49.92 49.94 49.99 49.87 49.78 49.86 50.0 49.9 49.85 49.86 49.89 49.92 49.86 49.72 49.52 19.27 -16.82 -16.57 -41.5 -12.75 -11.25 -9.67 -8.0 -51.49 ]
rewardsPerStep{1}{5} = [50.0 50.0 50.0 49.99 49.99 49.98 49.96 49.96 49.94 49.93 49.91 49.88 49.86 49.85 49.82 49.8 49.8 49.79 49.76 49.7 49.65 49.64 49.61 49.59 49.64 49.71 49.75 49.74 49.68 49.58 49.52 19.5 19.49 19.49 19.48 19.48 19.46 19.49 59.56 49.63 49.74 49.81 49.8 49.77 49.82 49.89 49.94 49.91 49.84 49.83 49.86 49.96 49.91 49.85 49.81 49.73 49.6 49.52 49.51 49.54 49.6 49.66 49.72 49.79 49.82 49.83 49.79 49.74 49.7 49.65 49.53 19.49 59.52 49.58 49.65 49.68 49.78 49.95 49.95 49.92 49.9 49.92 49.98 49.87 49.85 49.91 49.97 50.0 49.93 49.82 49.8 49.78 49.66 49.54 19.49 59.5 49.57 49.57 19.5 19.49 59.56 49.67 49.66 49.65 49.69 49.68 49.68 49.69 49.57 19.48 19.44 19.44 19.42 19.36 19.34 19.41 59.57 49.75 49.79 49.76 49.77 49.78 49.68 49.61 49.6 49.62 49.57 49.53 49.55 49.63 49.69 49.7 49.75 49.84 49.9 49.83 49.77 49.73 49.74 49.75 49.82 49.86 49.79 49.67 49.59 49.56 19.46 19.37 19.39 59.54 49.76 49.96 49.81 49.63 49.52 19.37 19.19 19.05 -19.82 -20.45 -21.71 -21.48 -21.11 -21.44 -21.71 -22.38 -23.48 29.06 19.23 19.29 19.25 19.13 19.05 19.03 19.03 19.07 19.1 19.07 19.09 19.18 19.33 19.47 59.52 49.5 19.42 19.38 19.41 59.52 49.64 49.71 49.84 49.97 49.97 49.9 49.85 49.93 49.88 49.74 49.67 49.69 49.71 49.66 49.64 49.66 49.72 49.92 49.78 19.5 19.2 -15.25 -41.51 -15.27 -15.66 -15.83 -15.21 -14.26 -13.29 -12.38 -11.53 -10.34 -8.33 -51.48 ]
rewardsPerStep{1}{6} = [50.0 50.0 50.0 49.99 49.99 49.99 49.98 49.97 49.96 49.95 49.93 49.91 49.9 49.88 49.86 49.85 49.84 49.81 49.76 49.7 49.67 49.62 49.58 49.57 49.59 49.61 49.62 49.62 49.62 49.64 49.66 49.65 49.6 49.53 49.54 49.6 49.63 49.61 49.56 49.56 49.6 49.65 49.7 49.74 49.85 49.98 49.72 19.41 19.13 -15.99 -15.25 -41.51 -14.01 -13.38 -12.85 -11.7 -10.04 -51.48 -61.47 ]
rewardsPerStep{1}{7} = [50.0 50.0 50.0 50.0 49.99 49.99 49.98 49.98 49.97 49.96 49.95 49.94 49.93 49.91 49.89 49.86 49.85 49.82 49.78 49.73 49.68 49.64 49.61 49.6 49.61 49.6 49.58 49.55 19.48 19.44 19.44 19.42 19.4 19.38 19.35 19.35 19.38 19.41 19.45 19.49 59.57 49.66 49.7 49.7 49.74 49.81 49.88 50.0 49.84 49.67 49.56 19.49 19.43 19.45 59.53 49.58 49.62 49.65 49.67 49.7 49.73 49.7 49.64 49.62 49.55 19.43 19.38 19.42 59.51 49.66 49.85 49.98 49.97 49.96 49.88 49.82 49.84 49.92 49.99 49.83 49.69 49.64 49.65 49.67 49.66 49.73 49.89 49.87 49.55 19.25 19.04 -20.94 -21.83 -23.3 29.17 19.38 59.54 49.64 49.76 49.93 49.96 49.91 49.87 49.84 49.8 49.64 19.37 19.1 -18.82 -19.25 -17.39 -41.49 -9.63 -41.46 -7.82 -51.47 ]
rewardsPerStep{1}{8} = [50.0 50.0 50.0 50.0 49.99 49.99 49.98 49.98 49.96 49.94 49.91 49.9 49.89 49.88 49.88 49.89 49.89 49.89 49.9 49.95 49.99 49.98 49.98 49.91 49.84 49.84 49.87 49.89 49.92 49.94 49.99 49.94 49.92 49.95 49.98 49.88 49.86 49.89 49.89 49.88 49.89 49.98 49.91 49.84 49.85 49.91 49.99 49.94 49.91 49.85 49.84 49.88 49.96 49.91 49.83 49.73 49.61 49.56 49.56 49.6 49.66 49.64 49.55 19.46 19.46 59.55 49.67 49.71 49.71 49.77 49.78 49.75 49.77 49.83 49.85 49.87 49.81 49.7 49.66 49.64 49.7 49.8 49.85 49.8 49.64 19.44 19.32 19.28 19.31 19.4 59.53 49.65 49.75 49.9 49.93 49.81 49.75 49.78 49.93 49.83 49.63 19.48 19.35 19.18 -17.07 -16.35 -41.51 -12.75 -10.79 -41.47 -7.59 -51.49 ]
