step{1} = [91 22 40 48 50 50 26 43 83 29 32 49 58 80 83 21 32 33 39 33 26 24 24 25 24 22 26 91 40 30 35 36 36 95 23 35 34 34 35 85 37 36 94 30 36 26 86 33 89 35 33 87 88 38 87 33 29 90 37 43 35 87 38 91 35 37 32 31 93 37 32 37 31 32 31 31 33 91 104 38 33 95 31 32 30 94 39 33 41 33 31 33 41 34 39 29 31 38 96 33 32 33 37 94 33 35 37 38 39 36 30 40 39 33 31 34 41 34 43 35 39 32 41 35 37 41 37 34 49 46 38 33 35 32 34 35 34 30 39 37 37 99 34 32 38 35 37 37 34 43 37 35 41 43 34 38 36 32 38 34 42 32 36 32 33 35 38 33 37 32 36 41 40 36 31 29 43 34 36 36 36 34 36 35 30 37 34 35 40 40 40 42 31 32 36 30 31 36 34 36 31 31 40 34 31 42 35 41 40 32 35 35 33 34 34 42 37 38 39 39 31 39 34 90 36 31 33 35 38 33 39 30 98 35 34 32 34 38 37 33 30 34 42 40 38 33 90 32 36 31 32 33 31 36 34 98 36 30 37 95 31 37 35 31 41 32 38 38 93 39 31 37 37 34 34 36 31 36 37 39 39 35 34 36 40 32 33 36 38 89 38 32 35 35 33 40 35 32 34 42 34 42 33 34 36 41 45 32 89 31 35 89 92 38 35 32 33 35 35 36 37 39 35 36 32 89 37 89 34 36 37 30 90 34 32 38 31 36 34 33 34 38 35 34 36 36 37 86 92 34 36 90 35 32 38 36 35 31 37 89 34 91 85 34 91 34 93 38 34 89 36 34 34 35 82 38 38 91 33 35 87 32 85 34 31 90 85 92 87 40 34 38 32 33 92 37 30 36 83 30 46 32 93 32 36 84 36 31 36 36 35 91 91 88 95 33 39 34 35 36 99 36 42 35 32 32 33 91 96 38 42 36 38 80 40 89 32 38 97 34 32 32 32 43 33 48 92 44 31 90 94 41 32 39 94 97 95 94 100 99 95 93 92 94 91 94 95 93 96 34 92 47 91 91 89 94 146 97 91 88 89 93 90 96 95 89 95 92 97 91 89 94 92 90 95 89 93 92 94 96 93 90 92 98 95 92 87 92 91 98 95 97 96 95 95 88 94 94 94 95 93 90 91 92 92 89 92 92 92 97 90 102 92 96 90 92 108 91 95 98 94 92 94 93 107 100 92 97 90 103 90 93 91 113 102 93 108 99 102 97 41 48 94 167 52 98 68 100 50 159 96 102 215 98 100 44 43 141 104 45 141 104 95 99 171 102 93 161 100 55 79 163 98 99 104 81 196 107 93 91 97 104 96 96 90 112 97 94 91 90 97 97 163 94 93 168 98 81 97 96 92 106 97 111 42 96 91 105 48 49 103 95 46 96 98 57 45 57 84 100 47 152 112 55 163 47 54 93 102 43 92 158 94 71 164 175 107 169 108 172 97 101 118 154 168 92 98 108 111 75 174 39 234 85 57 97 82 88 148 100 35 93 83 190 64 100 99 38 67 82 32 50 111 58 90 86 151 152 154 200 74 102 93 89 160 69 92 216 163 174 183 43 153 77 138 177 150 146 276 75 73 91 118 97 158 147 68 70 163 93 78 123 153 90 186 81 142 155 114 153 159 166 157 144 146 146 99 109 81 122 149 145 140 73 149 94 131 144 92 147 77 143 87 152 84 84 123 328 143 86 78 84 81 80 88 85 84 189 84 94 80 34 170 166 42 112 93 93 92 84 114 175 113 84 101 113 119 89 174 170 237 213 82 386 351 221 384 133 97 116 109 92 113 295 128 91 120 192 1486 532 597 266 94 243 178 90 389 197 221 175 171 223 143 324 370 258 367 36 829 93 931 709 3242 ];
step{2} = [41 39 24 21 79 23 88 95 90 37 42 98 97 54 46 101 41 35 38 34 26 43 39 87 32 35 44 99 40 33 31 35 35 36 33 33 33 33 90 31 38 33 23 22 22 80 78 22 80 23 22 22 23 22 22 22 23 21 23 24 22 22 22 21 23 81 24 26 24 22 24 23 24 22 21 22 23 22 23 22 23 22 25 21 23 24 21 21 22 21 21 23 22 23 24 23 23 24 23 79 22 22 24 22 23 23 24 22 27 24 22 22 22 23 22 23 23 80 22 22 23 23 21 21 22 24 23 80 22 22 23 80 22 81 85 23 81 24 35 82 32 23 35 33 30 86 31 91 29 22 33 34 38 98 84 91 32 35 40 92 96 89 87 49 87 39 96 32 35 42 43 92 91 95 99 33 41 99 93 39 40 93 88 39 36 44 91 45 35 93 93 41 36 91 95 39 34 37 99 39 36 39 41 92 37 37 38 43 38 35 98 38 34 91 99 41 89 97 100 42 42 35 100 31 98 38 42 28 40 41 37 36 92 34 31 31 34 33 34 36 38 39 34 34 40 33 32 39 39 36 34 35 36 35 33 32 37 34 89 39 42 34 37 32 34 34 42 32 36 32 32 29 40 32 35 36 31 39 33 34 37 33 34 33 33 35 35 33 37 31 41 36 32 36 32 35 30 33 36 40 94 36 33 94 36 37 31 39 41 89 89 37 37 31 37 39 36 39 30 32 37 35 36 31 36 34 33 37 35 35 37 31 38 33 37 30 43 37 93 36 37 31 36 34 34 35 34 33 33 38 31 33 37 34 39 37 38 28 34 34 39 35 33 29 32 35 32 36 34 34 35 92 37 38 31 35 32 39 33 36 31 31 36 36 38 37 37 37 41 33 29 39 35 33 38 31 33 35 34 38 36 36 37 36 30 34 31 37 31 38 35 32 34 36 33 41 38 44 33 36 36 32 31 38 36 29 35 34 36 38 37 30 39 36 34 41 38 29 40 33 29 35 35 33 33 32 35 98 34 30 38 30 37 33 32 37 32 31 34 31 33 31 32 34 37 38 36 32 31 31 30 37 37 38 35 31 31 36 36 29 31 34 30 34 37 28 37 32 47 37 36 31 39 30 36 38 33 93 38 31 33 39 35 34 54 32 36 31 38 33 38 42 36 36 32 39 29 30 30 30 31 38 32 36 33 31 36 32 32 36 30 35 31 30 34 42 34 32 42 32 32 37 29 33 31 35 31 29 36 30 40 34 30 29 31 34 35 33 37 29 36 29 29 31 37 31 33 32 27 30 29 30 30 29 29 31 33 33 28 38 37 31 30 32 32 32 32 39 29 30 36 29 35 37 32 37 33 30 28 30 31 30 30 32 33 28 34 31 30 31 35 31 34 32 29 34 36 30 35 33 29 32 31 32 28 28 31 29 29 29 29 29 31 31 35 33 29 28 31 28 34 30 30 32 39 30 29 31 30 29 33 29 28 28 34 33 33 37 30 27 29 33 31 35 31 32 28 32 29 30 28 28 32 32 35 30 28 32 30 28 28 31 30 34 31 31 39 35 29 35 32 35 31 29 34 31 32 32 42 33 36 33 29 32 33 42 45 29 94 99 110 33 31 91 42 94 96 37 33 35 97 33 35 31 29 32 35 90 95 31 37 37 90 35 33 92 39 63 31 34 41 28 33 54 29 51 32 91 31 32 29 36 32 93 92 34 34 32 27 29 49 31 31 29 31 28 30 28 31 31 35 28 30 30 49 34 52 33 31 34 29 34 34 30 94 32 38 36 93 32 33 32 33 99 91 31 37 31 28 31 29 31 36 34 31 97 96 28 30 34 30 31 33 35 31 105 34 36 36 33 34 33 33 33 29 50 31 34 34 36 30 34 34 41 34 37 34 35 33 44 43 39 53 37 31 31 25 54 31 42 92 31 35 32 32 32 34 43 65 31 36 44 32 49 33 33 34 33 36 45 33 32 29 33 32 37 29 92 26 28 38 30 57 36 87 91 82 36 41 51 36 37 27 40 42 36 30 29 41 35 30 39 43 32 44 43 45 28 29 31 35 28 28 28 29 34 32 38 34 30 31 31 32 37 32 32 40 37 42 37 40 31 37 36 35 33 31 32 33 44 29 28 46 34 32 35 30 55 35 32 34 30 31 47 38 33 32 31 32 36 32 34 32 38 40 32 29 34 31 35 64 31 32 32 35 35 95 35 31 31 33 40 31 33 33 30 35 30 31 32 36 34 32 98 100 28 35 29 31 35 37 34 86 27 36 85 44 33 32 39 34 88 92 42 57 84 85 172 35 35 50 39 90 59 29 36 32 35 38 132 34 65 93 174 88 89 95 32 87 38 28 79 38 143 32 33 69 158 97 159 32 35 31 36 105 35 102 38 89 35 33 31 31 104 206 141 211 123 33 198 202 215 106 219 33 83 44 38 66 134 61 32 146 36 214 179 117 42 31 119 118 58 34 105 44 42 45 135 153 109 142 35 33 41 34 36 42 161 132 112 32 39 43 50 116 53 89 37 109 105 101 34 111 125 126 38 35 39 100 92 38 37 35 37 33 106 96 38 170 38 48 32 89 42 40 41 93 35 40 39 38 123 36 39 91 32 34 41 86 41 144 89 38 89 99 39 39 95 89 40 93 72 38 37 39 103 118 94 85 97 47 43 89 39 38 95 112 96 36 115 37 37 39 99 90 39 85 87 42 39 49 76 103 112 91 38 95 81 42 50 87 114 87 80 93 86 87 38 86 38 87 34 37 89 91 86 83 98 82 89 79 84 63 80 277 82 39 82 84 166 86 37 115 39 87 101 106 110 133 81 147 88 216 221 105 249 184 168 165 123 233 103 101 94 114 95 157 252 218 105 175 203 90 148 171 111 105 111 154 98 140 120 126 96 108 171 103 130 107 119 104 164 93 157 84 107 113 158 109 79 108 95 112 84 138 213 115 109 86 150 107 168 166 433 150 118 41 102 146 118 90 90 109 103 107 153 120 138 247 114 109 105 110 430 142 81 294 87 126 90 148 106 83 251 130 33 109 292 515 92 41 1142 1224 168 289 85 2018 205 1534 165 42 462 130 170 366 32 304 261 73 87 133 32 1036 144 81 171 819 73 216 616 211 360 647 97 317 332 3193 ];
