goalReached = [1 1 1 1 1 1 1 1 1 1 1 0 ];
episodeCount = [843 1387 1449 1723 1117 1048 1328 1479 1453 1418 1241 1514 ];
totalTime = [16652.89 21248.97 25322.78 54178.63 20157.89 22168.46 21854.41 41874.25 43860.19 35184.78 23430.25 21409.14 ];
subtimes{1} = [17.0 5.0 8.0 11.0 9.0 9.0 7.0 8.0 15.0 8.0 7.0 9.0 13.0 13.0 15.0 6.0 6.0 7.0 10.0 6.0 6.0 7.0 5.0 5.0 6.0 5.0 6.0 19.0 7.0 6.0 9.0 6.0 6.0 19.0 4.0 7.0 9.0 6.0 7.0 18.0 6.0 7.0 19.0 6.0 7.0 8.0 15.0 7.0 19.0 6.0 7.0 19.0 16.0 8.0 19.0 7.0 6.0 19.0 7.0 8.0 9.0 16.0 8.0 19.0 7.0 8.0 9.0 6.0 18.0 10.0 7.0 8.0 9.0 6.0 7.0 9.0 6.0 18.0 22.0 7.0 7.0 21.0 6.0 6.0 9.0 18.0 8.0 9.0 8.0 7.0 9.0 6.0 8.0 9.0 8.0 7.0 9.0 7.0 18.0 9.0 7.0 6.0 10.0 17.0 7.0 10.0 7.0 8.0 11.0 7.0 6.0 11.0 8.0 8.0 9.0 7.0 9.0 9.0 9.0 7.0 11.0 6.0 10.0 10.0 7.0 9.0 11.0 7.0 11.0 12.0 8.0 7.0 10.0 7.0 7.0 9.0 7.0 6.0 11.0 7.0 8.0 22.0 7.0 6.0 11.0 7.0 9.0 9.0 7.0 9.0 11.0 7.0 8.0 12.0 7.0 8.0 10.0 7.0 8.0 10.0 9.0 7.0 11.0 7.0 7.0 10.0 8.0 8.0 11.0 7.0 7.0 11.0 8.0 8.0 9.0 6.0 10.0 10.0 7.0 7.0 10.0 7.0 7.0 10.0 6.0 9.0 10.0 7.0 8.0 12.0 10.0 9.0 9.0 7.0 7.0 9.0 7.0 7.0 10.0 7.0 6.0 9.0 8.0 7.0 9.0 9.0 7.0 11.0 8.0 7.0 10.0 7.0 8.0 10.0 7.0 9.0 11.0 8.0 8.0 11.0 7.0 9.0 10.0 18.0 7.0 8.0 7.0 7.0 11.0 7.0 9.0 9.0 20.0 8.0 10.0 7.0 8.0 11.0 8.0 7.0 9.0 7.0 9.0 11.0 8.0 8.0 21.0 7.0 8.0 10.0 7.0 8.0 9.0 7.0 8.0 22.0 9.0 6.0 11.0 20.0 8.0 11.0 8.0 7.0 14.0 7.0 8.0 11.0 20.0 10.0 10.0 8.0 10.0 10.0 7.0 9.0 10.0 7.0 9.0 11.0 8.0 8.0 11.0 8.0 8.0 10.0 7.0 8.0 11.0 19.0 9.0 10.0 7.0 7.0 10.0 9.0 8.0 10.0 7.0 10.0 10.0 9.0 7.0 10.0 8.0 9.0 12.0 7.0 20.0 10.0 7.0 19.0 23.0 8.0 9.0 10.0 7.0 8.0 11.0 8.0 8.0 12.0 8.0 9.0 10.0 19.0 9.0 22.0 8.0 8.0 11.0 6.0 20.0 10.0 9.0 9.0 10.0 8.0 7.0 10.0 7.0 8.0 11.0 7.0 8.0 11.0 8.0 19.0 25.0 7.0 9.0 22.0 8.0 7.0 13.0 8.0 7.0 9.0 8.0 18.0 10.0 21.0 18.0 10.0 20.0 7.0 22.0 8.0 7.0 22.0 8.0 7.0 10.0 8.0 17.0 12.0 8.0 19.0 9.0 8.0 19.0 9.0 18.0 8.0 10.0 20.0 19.0 23.0 21.0 10.0 10.0 8.0 7.0 10.0 22.0 8.0 9.0 8.0 17.0 10.0 11.0 7.0 22.0 7.0 8.0 22.0 8.0 7.0 11.0 9.0 7.0 23.0 19.0 19.0 24.0 8.0 9.0 10.0 8.0 9.0 24.0 8.0 9.0 11.0 8.0 7.0 10.0 20.0 21.0 11.0 9.0 8.0 11.0 18.0 9.0 22.0 7.0 8.0 25.0 7.0 7.0 9.0 7.0 12.0 10.0 10.0 19.0 15.0 6.0 19.0 24.0 9.0 7.0 10.0 21.0 21.0 23.0 21.0 21.0 25.0 20.0 22.0 23.0 21.0 19.0 23.0 21.0 20.0 24.0 7.0 19.0 14.0 19.0 21.0 21.0 21.0 31.0 24.0 19.0 20.0 22.0 21.0 19.0 25.0 20.0 22.0 23.0 21.0 21.0 24.0 19.0 20.0 24.0 19.0 22.0 22.0 21.0 20.0 25.0 20.0 23.0 22.0 21.0 22.0 25.0 20.0 20.0 22.0 20.0 23.0 23.0 22.0 22.0 23.0 20.0 20.0 23.0 21.0 20.0 25.0 21.0 20.0 21.0 21.0 20.0 23.0 20.0 22.0 23.0 22.0 20.0 25.0 20.0 21.0 23.0 19.0 25.0 23.0 23.0 21.0 24.0 20.0 21.0 23.0 24.0 22.0 24.0 21.0 20.0 25.0 20.0 20.0 23.0 24.0 24.0 23.0 24.0 21.0 27.0 21.0 12.0 14.0 20.0 38.0 14.0 22.0 15.0 25.0 11.0 37.0 24.0 23.0 48.0 24.0 22.0 11.0 12.0 31.0 24.0 13.0 31.0 23.0 24.0 21.0 38.0 27.0 20.0 35.0 24.0 13.0 17.0 39.0 21.0 22.0 25.0 19.0 45.0 26.0 21.0 21.0 25.0 23.0 22.0 24.0 21.0 24.0 26.0 20.0 22.0 22.0 22.0 21.0 38.0 23.0 20.0 40.0 21.0 20.0 24.0 21.0 20.0 27.0 21.0 25.0 11.0 22.0 21.0 27.0 11.0 11.0 27.0 21.0 10.0 24.0 21.0 14.0 13.0 12.0 19.0 25.0 10.0 35.0 28.0 12.0 36.0 13.0 12.0 21.0 25.0 11.0 20.0 39.0 20.0 16.0 41.0 38.0 24.0 40.0 23.0 38.0 25.0 22.0 28.0 37.0 37.0 20.0 24.0 25.0 25.0 19.0 40.0 9.0 55.0 21.0 12.0 24.0 19.0 19.0 36.0 23.0 9.0 23.0 19.0 42.0 17.0 24.0 21.0 11.0 17.0 19.0 10.0 11.0 26.0 16.0 20.0 19.0 37.0 35.0 37.0 47.0 16.0 23.0 24.0 20.0 36.0 18.0 20.0 49.0 39.0 38.0 43.0 12.0 34.0 18.0 34.0 40.0 34.0 35.0 62.0 16.0 19.0 21.0 28.0 24.0 35.0 33.0 18.0 16.0 37.0 25.0 17.0 29.0 36.0 21.0 42.0 21.0 32.0 37.0 28.0 35.0 35.0 41.0 35.0 31.0 36.0 33.0 22.0 28.0 18.0 29.0 36.0 32.0 32.0 19.0 35.0 23.0 32.0 34.0 23.0 35.0 18.0 32.0 23.0 34.0 18.0 24.0 28.0 75.0 35.0 19.0 17.0 23.0 18.0 20.0 23.0 20.0 19.0 47.0 19.0 23.0 21.0 8.0 39.0 39.0 10.0 26.0 23.0 22.0 20.0 24.0 25.0 40.0 29.0 18.0 24.0 28.0 27.0 21.0 42.0 38.0 53.0 54.0 19.0 88.0 82.0 50.0 88.0 32.0 22.0 27.0 27.0 23.0 25.0 71.0 29.0 22.0 30.0 46.0 337.0 125.0 136.0 60.0 26.0 56.0 41.0 23.0 90.0 45.0 53.0 40.0 40.0 54.0 34.0 75.0 89.0 59.0 86.0 11.0 189.0 22.0 217.0 167.0 765.0 ];
